984 143762 14 0.149900 4546 2145 1342 1
664 108759 13 0.149000 5277 1158 1079 1
865 132643 9 0.062500 5907 2783 1916 0
995 166711 14 0.111900 5979 962 1875 0
799 171996 9 0.074800 5144 3932 1675 0
783 106555 17 0.125500 4876 1958 871 1
989 140217 14 0.123900 4875 3765 1485 1
940 195147 14 0.071100 5152 3702 1661 1
749 126626 12 0.080800 4541 2970 831 0
763 126684 15 0.131800 5237 2474 1059 0
787 133848 13 0.099000 4807 1463 1814 0
778 159332 11 0.036700 5084 2938 1586 0
588 85863 16 0.050800 4724 2512 1866 0
793 117043 9 0.138100 5769 3916 1764 1
741 95068 17 0.168700 5643 2415 1905 0
693 95444 14 0.083800 5218 2714 1088 1
802 74410 10 0.082500 4425 2107 1295 0
994 140512 12 0.055500 4077 1079 925 1
708 148898 12 0.012500 5020 1135 935 0
581 113665 12 0.142800 4652 2897 1211 0
740 119776 10 0.053800 4019 2897 1905 0
730 121967 11 0.117700 4567 3589 1554 0
610 123219 11 0.174100 5261 3056 981 0
864 99381 12 0.015300 5176 1960 1496 1
987 97245 11 0.119100 4605 3727 1849 1
580 103608 14 0.138100 4618 2363 1275 0
626 95226 12 0.128200 4417 3613 1859 1
914 143641 12 0.057000 5468 2855 1377 1
816 110227 12 0.074600 4869 3369 1075 0
585 72079 14 0.067800 5360 3705 836 1
977 179111 10 0.048800 4785 3869 1242 1
644 103729 14 0.064800 4464 3041 1030 1
991 196149 11 0.081600 4489 2125 1707 0
632 145760 12 0.168200 4109 3690 1506 1
688 103976 10 0.120500 5394 1467 1029 1
851 125451 13 0.112200 4627 2738 1473 0
944 202724 15 0.078900 5410 3300 1134 0
662 110462 15 0.076000 5354 1047 1610 0
646 110410 18 0.113200 4645 1592 1499 1
713 102243 9 0.080700 4451 1431 1037 0
597 120409 13 0.084900 5752 1433 814 0
941 155621 12 0.090500 4086 1533 1675 0
968 86563 13 0.080200 4337 1530 902 1
788 131177 17 0.038300 5413 2374 1042 0
965 140806 9 0.143100 4981 950 1699 0
507 86790 14 0.074700 4119 1256 1480 0
866 193396 15 0.086100 5297 1235 1257 0
933 154232 13 0.134700 4667 3050 1245 0
956 153886 14 0.066700 5511 1989 938 1
634 78431 15 0.107100 5885 1149 1544 1
996 147961 12 0.036300 5108 3725 1033 0
785 114718 14 0.111400 5506 3877 1418 0
919 122849 12 0.080500 5128 3196 1411 0
826 100429 8 0.170200 5375 2380 1609 0
981 230618 12 0.071600 5439 1296 813 0
915 188552 10 0.100800 5791 3383 899 1
609 79849 14 0.109200 4836 3571 1556 1
883 149158 12 0.163200 4712 3761 1227 1
749 115459 16 0.157500 4917 2464 1404 0
567 112288 14 0.099700 4979 1903 1846 0
955 171859 14 0.090700 4014 3087 1311 0
529 104450 16 0.099600 4621 3473 1382 0
866 116236 16 0.113300 4177 2840 1529 0
641 97634 17 0.053600 4234 1536 1516 1
989 165433 12 0.068200 5345 2165 916 0
584 125257 18 0.085700 4550 2728 891 1
741 122545 15 0.049000 5702 1436 902 0
703 150418 13 0.089700 5346 3645 1351 1
855 160512 14 0.104200 5458 2589 1391 1
971 217760 13 0.123800 4574 2691 1501 1
608 98137 15 0.132500 4194 3087 1291 1
554 101814 10 0.186300 5476 2180 948 1
985 133603 14 0.192000 4934 3243 1088 1
830 146773 10 0.158000 5082 1108 1395 1
780 140427 14 0.176000 5095 3382 1736 1
626 87220 13 0.029700 4180 1702 1846 1
615 105433 15 0.094800 5085 1903 1880 1
926 140788 14 0.121100 5764 2391 1110 1
946 186618 13 0.059500 5351 3535 1148 1
990 216550 16 0.043300 5908 2654 1801 0
543 110402 15 0.058000 5041 3960 1336 1
779 128643 15 0.110200 5714 1127 1689 1
834 121181 11 0.016600 5821 3010 1730 0
997 116016 12 0.061200 5565 2329 1095 0
931 118493 9 0.102000 5186 1392 904 0
865 154570 14 0.046700 4297 2305 1041 1
552 99347 15 0.180900 5163 2931 1168 1
912 190916 15 0.050300 5112 1382 1478 1
587 53096 18 0.082500 5131 3192 1899 1
609 95633 13 0.120600 4148 3258 1184 0
557 117647 10 0.098800 5874 3272 1675 1
955 211045 12 0.077200 5897 1864 1739 1
508 81890 13 0.115100 5546 2771 858 0
975 220982 10 0.138400 5296 3771 842 1
947 150878 16 0.147900 5409 2698 1501 1
811 138541 13 0.113000 5860 2807 1046 0
634 122327 13 0.073600 5111 3800 1067 1
516 73843 13 0.111400 5190 933 1382 0
769 89360 11 0.071600 5947 1326 1175 0
556 107250 17 0.170200 4210 3089 920 1
