928 126941 10 0.057600 5810 2433 1685 0
910 159125 12 0.063700 4366 3432 1811 1
893 159595 14 0.126800 5651 3030 1095 1
520 66313 13 0.060800 5519 955 851 0
707 79330 14 0.100500 5530 2264 1138 1
776 116080 16 0.191100 5338 1329 1875 0
981 227991 13 0.100500 5061 1704 994 0
886 162339 13 0.159200 5331 1189 892 1
900 151010 12 0.132200 5678 2818 1435 1
929 100275 10 0.090100 4621 1564 988 1
895 98526 9 0.081200 4053 2952 1598 1
681 99475 11 0.158400 5760 864 1138 1
829 192341 10 0.056100 5838 3799 1301 1
914 88880 13 0.024100 4716 1044 1238 1
548 56179 14 0.180700 4451 3862 1342 0
660 93679 16 0.091200 5031 3789 1108 0
612 122398 8 0.172100 4764 1908 1266 0
747 176615 9 0.093500 5508 3381 1604 1
928 117321 12 0.067800 4404 1803 1249 1
517 53334 12 0.166400 5617 3883 937 1
686 137755 14 0.118200 4069 2506 1288 0
502 93021 13 0.057000 4967 2700 1076 0
897 117072 13 0.083100 5382 2842 1679 1
746 101529 9 0.117400 4519 3314 1525 0
911 164032 8 0.112300 4385 2618 1156 0
528 96531 11 0.097500 4178 2401 1571 0
581 121087 13 0.143200 5153 2220 1076 0
594 68232 15 0.038800 5570 1358 1470 0
902 173357 11 0.119700 4487 1963 900 1
714 122213 12 0.107200 5390 2430 1219 0
535 80281 11 0.131300 5508 1727 1535 1
764 116337 13 0.109200 4290 3022 1808 0
587 91945 14 0.132200 4758 2751 1038 0
671 117234 14 0.118000 4972 1116 1408 1
516 78488 13 0.105600 5299 1913 1049 0
578 94366 13 0.074700 4027 1297 1134 0
755 125376 10 0.136600 5648 3762 1341 1
689 135246 11 0.073000 5633 2449 806 1
536 105904 15 0.066600 5638 1158 1833 1
761 120758 13 0.073200 4565 1852 1659 0
537 60432 13 0.145100 4310 3487 1972 0
936 183600 14 0.075700 5339 3027 1927 0
910 127134 12 0.028300 4046 1032 1237 0
793 170717 13 0.150300 4785 1625 1547 1
975 159372 14 0.100000 5122 1959 1265 1
658 154583 8 0.176600 5602 2427 917 0
638 76457 16 0.058000 4537 2435 1359 0
523 69742 12 0.104300 5405 1656 1332 0
596 122688 15 0.118200 4883 956 1825 1
930 204009 17 0.068800 4978 3355 1927 1
979 133834 12 0.005900 4000 822 1545 0
716 157588 11 0.098300 4317 1164 819 0
561 108653 10 0.136100 4779 969 1686 1
955 198924 13 0.176400 4815 3464 1515 1
506 97491 14 0.079300 4296 809 1926 1
584 75596 12 0.123500 4617 1138 1456 1
890 157680 11 0.130300 5061 2166 940 0
956 175136 15 0.041100 5752 2247 1734 1
723 106840 11 0.107100 5460 1318 802 0
978 164905 14 0.113800 4889 2678 928 0
979 215948 16 0.079200 5261 2041 1637 1
990 194460 10 0.108600 5818 1041 1775 0
653 122261 14 0.099900 4675 3275 1527 1
699 131216 13 0.110600 4648 1710 824 0
860 86381 10 0.132500 4327 3557 1912 1
545 94994 12 0.105300 5350 2953 923 0
797 155070 11 0.126000 5053 1068 1647 1
991 214764 13 0.081800 5627 1646 1956 1
754 138716 10 0.101000 5163 3237 1586 0
777 138954 8 0.089800 4343 1847 834 1
563 107224 17 0.068200 4699 3633 1602 1
845 99454 13 0.109800 5904 3746 1709 0
946 153859 16 0.049000 4424 2705 1072 0
979 172524 12 0.027500 5617 3196 1631 0
631 115528 14 0.047500 4356 3982 1406 0
747 100129 14 0.017900 5219 2105 1997 1
857 165416 14 0.096700 5963 2552 1659 1
621 139032 10 0.114000 4433 1056 1557 0
529 65324 12 0.083200 5230 1184 1519 0
901 141366 17 0.179100 4487 3501 1681 0
540 72749 12 0.161500 5450 1062 1778 0
577 83836 12 0.180600 4065 2483 1085 1
954 147425 10 0.125200 5576 3637 1642 0
830 187679 14 0.119100 5015 2525 814 1
552 118501 15 0.127800 4291 2289 1345 1
617 100233 16 0.094800 4020 1807 994 1
763 117218 16 0.135300 4437 3229 874 1
685 104360 17 0.169000 5200 3718 1354 0
888 117513 14 0.178800 5554 3655 1993 0
952 139440 11 0.086600 4484 1962 974 1
831 151683 14 0.138200 4576 2693 1700 1
586 78423 12 0.058200 5727 3967 1158 1
857 158356 18 0.077400 5922 3178 1588 1
532 103739 14 0.127000 4609 2268 1821 1
625 141330 13 0.097400 5053 2328 1425 0
550 86755 14 0.116900 4301 1205 1123 0
644 115542 13 0.126200 5373 1558 983 1
788 142016 11 0.032300 5554 3224 1870 1
611 132299 12 0.145900 4221 2026 1094 0
908 117880 16 0.033100 4012 840 818 0
