589 109927 12 0.122800 4722 3935 1524 1
799 149659 12 0.062500 4066 1740 1882 1
630 66906 15 0.155500 4715 2592 803 0
564 108717 10 0.053100 5062 2642 1673 1
774 173558 11 0.107700 5146 885 1366 1
586 84849 15 0.069800 4329 2975 1788 1
657 136978 16 0.150700 4917 1291 1412 0
601 106950 8 0.085700 4144 1539 1162 1
809 142963 15 0.060400 5864 3518 1546 0
747 133931 9 0.048200 5373 1908 1696 0
640 90899 9 0.114100 5697 1080 841 1
730 89679 13 0.143600 5108 2788 911 1
854 112068 9 0.025000 4086 3440 968 0
895 176160 13 0.098000 4664 811 1501 0
876 155197 14 0.085300 4807 1550 1957 1
514 83412 16 0.163200 5929 1661 1835 0
947 127851 18 0.063000 4849 2282 952 1
880 200767 14 0.135500 4506 3201 1825 1
565 114964 11 0.106200 5238 1336 1036 1
887 115328 13 0.144800 5857 2964 1198 1
915 143395 14 0.063000 5560 3270 1500 0
501 94598 12 0.074600 5252 3588 920 0
853 138595 8 0.016100 5363 3143 1848 0
740 97873 9 0.060300 4106 886 1730 1
946 137332 14 0.073200 4511 2945 1216 0
571 133843 11 0.131500 4287 3195 916 0
854 125580 14 0.105200 4546 3598 1145 1
724 121568 12 0.100000 5370 1305 906 1
957 184230 17 0.123400 4780 3911 1523 1
546 93796 12 0.096400 4020 3841 865 0
635 97767 13 0.011300 5236 2326 1184 0
714 124760 12 0.058800 5395 1599 951 0
730 107204 11 0.110500 4416 2042 1665 1
763 136783 12 0.077100 5639 1464 1767 1
845 152320 14 0.093600 4196 3273 1859 1
625 102312 12 0.086400 5287 3736 1162 1
650 108120 14 0.060400 5161 1463 1047 0
942 199766 17 0.161300 4552 2040 877 1
746 102619 14 0.095100 4045 3628 1795 1
977 147424 18 0.013200 4271 3705 1407 0
662 146660 14 0.061800 5464 3068 1032 0
935 145806 10 0.121800 5370 1156 1770 0
728 153082 13 0.135700 5969 2202 1739 0
871 201251 14 0.122400 4705 3426 1230 0
830 147890 18 0.161400 5900 3049 1379 1
934 166111 13 0.028700 5786 1284 1461 0
709 143807 10 0.056600 5092 2366 1006 1
889 157476 13 0.031000 4867 2132 1480 0
999 174043 16 0.094400 4393 3088 1916 1
984 154243 12 0.116800 5091 3423 1044 1
622 67415 16 0.041400 4335 1390 1243 0
606 107608 18 0.088800 4906 895 1678 0
540 95500 11 0.063100 4527 2993 1084 1
591 122978 10 0.106100 4940 1779 1086 0
607 83461 9 0.103000 4669 1620 1280 0
635 126329 12 0.085100 4806 3897 1971 1
901 101468 14 0.119900 5902 1145 1346 0
845 143577 10 0.052200 5815 1985 958 1
993 176516 14 0.176400 5620 3424 1197 0
881 179804 13 0.081500 4688 1569 1615 1
828 141100 14 0.049000 5060 3006 1728 0
660 111868 9 0.037700 5686 1698 1422 0
506 80756 9 0.055400 4171 3761 1901 0
686 154605 12 0.155600 5437 3459 1158 1
799 133865 11 0.081100 4342 3343 1963 0
636 96827 15 0.188000 5757 961 1286 1
956 199359 17 0.096200 4535 3393 1572 0
814 159927 15 0.091700 5850 1209 1699 0
866 131793 12 0.084400 4177 1775 1182 1
745 91274 15 0.066800 4561 864 1496 1
879 158528 14 0.057900 5828 3726 1880 1
579 121789 17 0.120100 5620 3279 1539 1
620 94958 14 0.111800 5589 1465 1827 1
524 106072 16 0.185400 4115 2070 800 1
929 127161 12 0.069100 4359 2921 1422 0
938 141176 14 0.185800 4330 2850 1231 0
730 82972 14 0.164900 4532 2600 1317 1
565 62256 12 0.129700 5094 1813 1389 0
604 106820 10 0.026000 4577 3864 1484 0
591 73937 13 0.142900 4064 2853 1873 0
866 132742 11 0.021500 4777 2516 899 0
661 119903 10 0.066600 4437 3351 950 0
572 92263 12 0.083300 5186 3851 1536 1
928 123753 17 0.039600 4601 1908 1348 1
777 138628 11 0.173300 5315 810 1668 1
513 91465 14 0.156900 4196 2602 1733 0
547 99951 11 0.165100 5694 1967 1861 0
923 203075 13 0.056400 5196 1714 1606 0
889 139898 17 0.133800 5993 3194 1574 1
655 105097 8 0.017000 5228 855 1404 0
939 184660 14 0.094900 4168 1039 1725 0
765 148151 11 0.138500 4078 928 1183 1
667 86203 15 0.085800 4166 2707 1070 1
835 187569 18 0.135500 4321 2730 1268 0
873 106007 11 0.089900 5870 939 986 0
578 79798 15 0.067200 5943 1971 1934 1
847 139275 12 0.014200 4632 3403 1114 1
836 151252 13 0.127800 4711 1547 962 1
978 152423 11 0.136800 5374 2604 1922 1
839 124077 9 0.140200 4013 1231 1744 0
