815 132427 17 0.071600 4959 1459 1330 1
654 146980 16 0.070600 5537 2963 1922 1
618 116829 17 0.110600 5496 3584 1592 1
612 63124 14 0.043000 4042 1034 929 1
553 81125 12 0.105800 5672 1230 862 0
834 109883 8 0.142600 5533 2194 1975 1
624 81792 9 0.081100 5543 1841 1502 1
649 107217 15 0.069800 5366 1594 1514 1
790 151175 15 0.097000 5324 1544 1059 0
975 134172 8 0.155300 4803 2316 1224 0
815 134085 15 0.131900 5351 2416 1342 1
937 172567 12 0.079600 5465 1681 1911 1
810 157342 15 0.106900 4152 1449 1017 1
588 94702 15 0.102800 5913 2769 1010 1
770 161085 15 0.127700 5374 1858 1342 0
896 199296 13 0.042800 4022 2252 1476 1
866 182295 17 0.090500 5190 2548 1533 0
535 117891 9 0.092500 5967 846 1589 0
835 138911 9 0.054400 4207 832 867 0
564 125456 15 0.112100 4197 1337 1225 1
749 134861 13 0.172600 4928 2580 901 1
595 89477 10 0.063700 5767 1462 980 0
885 193874 12 0.092400 4903 875 1134 0
686 122143 13 0.073900 4204 3891 1349 1
754 104259 16 0.068900 5139 2791 1912 0
971 108698 15 0.135700 4397 2158 1960 0
911 173719 11 0.121900 4073 1070 1155 0
909 179454 15 0.091200 4401 1578 1093 1
785 106956 13 0.143600 4426 1840 1571 0
646 121174 13 0.091700 5969 1949 1276 0
924 166610 13 0.111300 5957 2786 1186 1
559 112201 14 0.084600 5850 3076 897 0
563 104204 14 0.078100 4898 3512 1179 1
785 117565 11 0.086100 5705 1433 949 1
908 161451 10 0.099300 5832 3064 870 1
597 91477 9 0.110000 5504 1134 1372 1
518 69953 16 0.166500 5195 943 1668 0
921 177066 13 0.067300 5243 3559 1793 1
954 139359 14 0.109100 4858 1539 1341 0
568 80258 16 0.123600 5917 3813 1288 1
819 129057 13 0.114500 4128 2088 1434 0
632 98462 17 0.119000 4531 1095 1250 1
825 108716 12 0.081900 5388 3401 1780 1
568 101066 12 0.130100 5595 3701 938 0
536 83344 12 0.068900 5593 1763 1445 0
677 118264 14 0.136100 4462 1967 1344 1
804 97034 14 0.151100 4341 3602 1321 1
571 92979 14 0.130400 5689 1811 1508 1
637 142343 14 0.071500 4169 980 1432 0
738 115560 12 0.096600 5026 1722 1369 1
994 192988 11 0.172500 4233 3116 1026 1
817 120138 11 0.124000 4530 2880 1093 0
951 191434 12 0.149600 5582 3594 922 0
775 101958 13 0.054200 5872 2222 1980 0
674 109348 15 0.090000 5587 2964 1164 1
600 101102 12 0.175900 4026 2415 1080 0
545 72440 13 0.169700 5307 1973 972 0
913 120169 15 0.106300 4950 1743 1433 1
898 150014 14 0.067500 5698 3117 1007 1
554 116718 14 0.078300 5587 2904 1339 0
675 112040 12 0.162400 4688 919 1396 1
732 81350 8 0.125600 5958 1187 850 0
500 87502 9 0.126400 5119 2359 1051 0
546 69160 13 0.062400 5240 3887 1922 1
997 166340 9 0.181000 5815 3504 1706 0
606 103879 13 0.056300 4242 2174 1981 0
989 189900 13 0.081600 5406 2910 922 0
538 82676 9 0.101200 4764 2775 1727 0
979 195972 12 0.076900 4856 2280 1484 1
857 143915 9 0.123700 4896 1085 1285 0
807 127133 9 0.076000 4763 3613 1563 0
744 110077 11 0.119600 5726 3844 1890 0
860 137486 9 0.062000 5341 3805 1299 1
684 122274 18 0.079900 5620 1447 1620 1
957 153030 12 0.022200 4817 2606 1152 1
688 124720 14 0.182900 5861 1763 1824 1
914 125675 18 0.110600 5291 3649 1036 0
658 139838 14 0.100600 4961 1754 1135 1
704 116355 8 0.099500 4297 1820 1430 0
570 76542 15 0.130100 4377 2786 1409 0
968 127009 9 0.040200 5681 3051 1341 1
599 90492 12 0.124600 5020 1178 1492 1
826 121227 13 0.029100 5533 1389 1707 1
632 83757 13 0.126200 4452 1731 1767 0
900 187556 12 0.102200 5138 2099 1932 0
988 131729 12 0.162900 4234 3548 1486 0
502 97784 13 0.140500 4822 1338 1843 1
691 148614 15 0.051500 5226 2591 1349 1
771 138058 14 0.033300 4974 855 1148 1
506 89669 12 0.106600 4092 3987 1892 1
753 152250 13 0.153100 4805 959 1257 0
803 149769 12 0.139100 4435 1493 1198 0
786 117836 14 0.091200 5831 2923 1920 0
595 138798 9 0.095000 4280 3066 1291 0
941 175921 13 0.088700 5797 3380 1296 0
612 113881 14 0.095500 4998 1869 1780 1
577 77719 15 0.078500 5287 2839 1146 0
770 133398 13 0.165500 4408 1567 881 0
646 109788 11 0.082800 5710 1988 1821 1
999 158236 13 0.124400 5030 2323 1227 0
