871 102057 13 0.043700 4288 2773 1153 1
649 125573 10 0.022300 4405 2981 1768 0
754 140847 11 0.019400 5518 3559 1775 0
746 107248 16 0.151300 5081 3219 1156 1
522 57336 16 0.166600 4059 1732 1969 1
984 168124 15 0.019300 5613 1300 1826 0
897 190080 15 0.100100 4020 2539 1780 1
826 142071 18 0.105300 4454 830 1861 1
517 71038 12 0.073800 4759 2361 1336 1
713 119277 9 0.013400 5944 1809 1079 0
685 129648 14 0.089000 4155 1985 1555 0
750 126457 13 0.077900 5125 1086 1547 1
827 176818 13 0.106000 5357 3214 907 1
779 180989 14 0.088500 4858 2124 1076 0
745 127705 8 0.118400 5363 3815 1537 0
711 161695 14 0.087200 5057 1016 1425 1
767 119401 12 0.117400 5681 1960 1167 1
696 100876 8 0.107800 4473 1179 1062 1
703 152255 12 0.130700 5301 3887 1101 0
698 90040 17 0.043200 4868 1077 1194 1
750 116188 12 0.183800 4894 1829 1090 0
635 107882 13 0.142600 5303 3216 1928 1
965 161101 13 0.130200 4956 3631 1237 0
777 151199 13 0.085300 5860 3256 1749 1
829 122637 14 0.120000 4840 2578 1841 1
967 186161 16 0.121200 5745 1720 1907 1
593 116282 11 0.154600 5983 2059 1753 0
596 86434 8 0.109400 4520 2608 1188 0
724 103227 13 0.054000 4095 2608 1276 0
595 55024 13 0.094400 4211 2177 1223 0
753 151441 12 0.175000 4446 3737 1877 0
810 152493 16 0.076100 5876 2892 871 1
523 83060 17 0.108400 5908 2641 1422 0
998 191070 17 0.086400 4596 1472 853 0
705 159578 11 0.052900 4581 2059 1931 0
906 180969 18 0.024900 5587 2345 884 0
859 127502 14 0.125700 4391 1656 1097 0
876 155653 9 0.097300 4259 1464 1357 0
985 119852 10 0.098200 5204 1128 1621 1
863 133359 14 0.096300 4543 3781 874 1
761 137257 13 0.077900 4569 3929 1763 0
843 133188 13 0.093100 4356 3427 1904 1
957 165618 15 0.183800 5634 2542 1915 0
535 123448 13 0.091700 5860 2789 1231 1
668 108009 13 0.065600 4574 1518 1482 0
584 103635 18 0.032200 5555 1816 1105 0
778 178054 10 0.115800 5114 2675 1774 1
667 117684 17 0.054500 5216 2989 1613 1
509 70520 12 0.099700 4359 2645 1184 0
894 138271 18 0.050900 4254 1154 1059 0
795 173909 16 0.141400 4942 2530 1152 1
757 119898 10 0.115500 4055 905 1757 0
732 138627 9 0.123800 4079 3275 1192 1
848 157146 10 0.112300 4789 1936 1832 1
783 146350 11 0.102400 4826 1380 1491 1
696 122291 13 0.039300 4612 3132 1953 1
738 146108 18 0.087400 4372 3583 1089 0
537 75345 13 0.032100 5816 2068 1894 0
845 190996 13 0.106700 4600 1639 1942 1
877 103089 16 0.033600 4852 1974 1882 1
824 131678 13 0.116700 5267 1494 1177 1
757 106130 15 0.047700 5862 2299 1305 0
889 170269 15 0.047000 4899 1460 974 0
562 100873 13 0.100000 5068 1801 1842 1
591 109345 15 0.040300 4661 2382 1004 0
983 106595 14 0.105100 4651 1584 987 0
964 194039 10 0.076700 4665 3126 1411 1
889 138243 9 0.090800 4299 2306 1488 0
550 98421 8 0.082700 4421 2239 1774 1
581 106109 8 0.074100 4608 1950 1510 1
917 110892 16 0.143200 5704 3097 1823 0
584 60496 14 0.119700 5293 3020 1979 0
699 82274 9 0.118900 4917 1023 804 1
628 111180 10 0.070600 4739 972 1221 0
823 115457 13 0.078400 4334 1532 1505 1
872 93280 11 0.050000 4840 2941 941 1
629 80257 12 0.104900 4154 2699 1410 1
979 161240 16 0.144600 4639 3201 1570 1
955 116556 12 0.089300 4136 2365 1710 0
668 131316 13 0.172400 5031 2680 1748 1
573 107419 16 0.118000 4965 919 897 1
751 96336 12 0.040200 4928 1222 1867 0
917 139281 10 0.116300 5988 1397 1010 1
979 141654 12 0.080600 5491 1740 1496 1
952 212035 11 0.126800 5844 2704 1583 0
663 68393 10 0.010100 5265 833 1527 0
917 112141 17 0.058900 4812 857 1802 1
570 136969 12 0.095100 4490 2428 881 1
754 112447 10 0.020700 4844 1636 1250 1
587 129308 8 0.015400 5447 2787 1145 1
894 185862 12 0.085900 5936 1553 1945 0
706 132750 17 0.099700 4555 1815 1256 0
980 148922 9 0.133900 4903 2093 970 0
594 142454 14 0.030800 4293 3205 1267 0
555 57053 15 0.135900 5915 1271 1940 0
724 134548 10 0.126900 4195 1526 1650 0
586 135279 13 0.043900 5927 1264 1732 1
951 183924 10 0.102600 5497 3355 1703 0
840 140631 12 0.035300 4845 3113 1794 0
920 139855 15 0.107300 4622 3836 1951 1
