835 116526 9 0.074800 4379 1729 1872 0
555 80861 17 0.135500 5891 3864 883 0
686 100052 15 0.053800 4401 2079 1710 0
566 99488 14 0.096100 4659 1128 1610 1
903 156400 18 0.127600 4229 2272 1340 0
665 138583 15 0.142100 5992 2001 993 1
875 157860 13 0.075300 4693 899 1479 1
724 125627 14 0.112100 5497 3564 1598 1
659 72894 14 0.089200 4287 3263 1081 1
684 84891 14 0.099700 5161 2611 842 1
994 162391 9 0.104700 5954 826 1502 1
995 126598 16 0.167700 4575 2746 1420 0
631 137760 10 0.056600 5754 1453 927 1
552 126023 11 0.074600 5728 3168 1925 0
862 130793 15 0.097900 4430 2950 1335 1
763 135297 12 0.167400 4462 2543 1152 0
519 60427 14 0.046000 4737 817 1827 0
973 146154 12 0.086800 4899 2771 1856 1
986 231269 12 0.038700 5915 1031 1651 0
866 173783 17 0.176000 4012 1095 1172 0
756 144835 11 0.093100 5406 2816 1120 1
999 99403 13 0.050500 4749 2611 1780 1
901 128390 15 0.111900 4949 2692 1170 0
926 202830 13 0.129000 4915 3717 958 0
942 141073 15 0.088200 5084 1984 1018 0
758 109796 13 0.149500 5337 3922 1578 1
501 101914 11 0.085600 4840 1688 1251 0
653 101107 11 0.118200 5889 1592 1491 1
880 135597 15 0.075300 5060 1969 1577 0
972 168641 15 0.061600 4616 2905 1826 1
816 147963 13 0.091200 5111 1244 1367 0
927 121065 13 0.097100 4684 2603 1394 1
809 98377 10 0.099100 4744 3246 908 0
827 142071 11 0.068300 5423 3273 899 1
788 98521 15 0.116500 5614 1645 1924 1
501 72115 15 0.049600 5013 1552 874 1
557 118232 16 0.126100 5595 3954 1414 1
933 161303 12 0.137300 4563 1731 1110 0
846 139289 13 0.065700 4560 3038 987 1
536 118007 10 0.154700 4217 1293 902 1
525 76998 14 0.010400 5606 2929 1744 0
831 172641 18 0.188000 4095 1917 1128 0
637 112054 17 0.145800 4346 1047 1255 1
595 129835 18 0.085400 4196 2870 1112 0
814 163868 15 0.107200 4849 2930 1910 0
656 115774 12 0.139100 5476 1062 814 1
711 114082 13 0.013500 4348 2456 1947 1
507 68932 18 0.089600 5715 3517 1273 0
592 122807 12 0.114300 5304 1132 1690 1
537 94767 17 0.164500 5363 1070 1336 0
883 191715 8 0.100500 4041 973 886 1
811 157588 13 0.049300 5184 1595 1728 1
567 128279 13 0.064100 4873 2730 1187 1
972 156794 15 0.173000 4027 1236 816 1
991 159693 12 0.111200 5305 3579 1894 1
935 178217 18 0.140700 4798 1118 895 0
619 86277 15 0.060100 5665 3919 1534 0
777 113021 13 0.017500 5121 2504 964 0
627 72556 13 0.035500 4151 2762 1773 1
916 137235 14 0.075900 4853 1835 909 0
765 101103 10 0.175600 5898 3361 1729 1
936 182087 10 0.075200 5897 3783 1393 1
927 154701 8 0.094500 4153 3642 1341 1
638 90564 13 0.155700 4462 3160 1490 0
829 133551 15 0.134000 5796 3986 1479 0
568 68577 9 0.095400 4411 1970 1171 0
934 196006 10 0.044600 5803 2612 839 1
549 101444 10 0.077400 4902 3470 1296 0
812 156685 15 0.171000 4180 2639 1667 0
740 75932 9 0.108500 5812 2743 1876 1
958 178256 14 0.127400 4725 2690 815 1
743 107739 13 0.133600 4245 2956 925 0
957 159099 13 0.127100 5288 3978 1352 1
778 156780 14 0.188200 4675 2314 839 0
580 99624 10 0.049300 5605 2735 1518 0
589 133953 12 0.101200 4605 3529 1093 0
505 83947 15 0.186500 5202 3408 1155 1
566 92527 15 0.124400 4848 3227 1798 1
753 124271 11 0.127600 4973 2242 1032 0
530 103780 14 0.074100 4179 1784 1776 1
925 177887 13 0.075300 4882 3006 1160 0
851 140023 13 0.127800 5357 2318 1874 0
750 86344 14 0.028200 4501 2629 934 1
767 118878 11 0.085200 4235 891 831 0
758 86961 13 0.162300 4134 2241 1610 0
915 151618 18 0.033200 4704 2045 828 0
970 213275 8 0.104900 4480 2267 1097 1
623 105951 13 0.096800 5395 1083 1308 0
625 140460 10 0.094100 4626 1185 1505 1
864 171271 16 0.131000 5113 1462 1745 0
757 140745 9 0.121600 4692 2283 815 1
566 119619 14 0.116600 4629 3970 1314 0
774 129398 13 0.149000 4826 3239 1456 1
628 110808 10 0.035800 5745 2070 1408 0
784 144021 17 0.172700 4717 1342 1479 0
974 164101 14 0.091900 4783 2832 1069 1
815 115890 11 0.084100 4628 1311 849 1
525 110048 11 0.092200 4147 3738 880 0
543 122768 9 0.124300 4317 1633 1925 1
855 169565 10 0.108000 5136 975 1828 0
