710 78124 15 0.188300 4300 2209 1138 1
859 104313 15 0.103000 5389 2938 1953 1
551 120960 15 0.103800 4737 1684 1268 0
555 81520 9 0.060600 4938 2815 1720 0
909 91624 18 0.157900 4663 2654 844 1
695 123919 11 0.099300 4281 3879 1976 0
843 144532 12 0.033900 5223 1470 1657 1
889 205968 13 0.101800 5720 3422 888 1
522 97321 13 0.170000 5398 2742 826 1
991 162184 16 0.066000 5982 3453 886 1
612 91011 13 0.117100 4803 1486 1758 1
961 191113 15 0.056500 4036 3368 1422 1
661 107127 9 0.048600 5076 2591 1938 0
792 109396 10 0.083200 5323 2279 1915 1
529 77799 15 0.135700 5894 3842 1623 1
558 121715 10 0.126100 5587 1849 1959 1
623 130271 15 0.112600 5929 1756 1375 0
636 109327 13 0.144000 4989 2568 1656 1
647 135652 15 0.030600 4487 998 981 1
606 99354 16 0.128100 4034 2995 1141 1
913 154936 10 0.170900 5783 1019 1878 0
797 151409 9 0.033700 5619 1346 1223 0
612 68713 10 0.059400 5564 1897 1360 0
930 175249 13 0.052800 4550 1576 1739 0
536 93019 13 0.143400 5840 2247 876 0
613 126232 13 0.106700 5640 969 1556 0
673 136930 15 0.053500 5725 3138 1954 0
994 176879 13 0.057300 4328 821 1705 1
572 87661 12 0.110000 5499 1361 1583 0
645 97030 11 0.147300 5810 2502 961 1
873 151187 16 0.003600 4429 1370 887 1
967 121738 18 0.107500 5766 2268 893 0
568 87853 10 0.082800 4108 2010 1054 0
611 61549 12 0.121000 5285 3840 1686 1
856 75832 15 0.033200 5099 2923 1562 0
965 112433 17 0.114200 4367 3299 1615 0
505 102117 9 0.030100 5483 2511 1929 0
616 145089 16 0.146300 4322 1556 1424 0
692 164772 16 0.070600 4793 2757 1483 0
920 145051 17 0.132400 4857 3995 984 0
932 170667 11 0.062200 5103 2504 1915 1
837 134808 12 0.088300 4121 881 1865 0
607 122463 15 0.037700 4254 2336 938 1
720 93785 9 0.047000 5242 2245 822 1
612 99081 13 0.169100 5666 3810 1394 0
656 65676 15 0.132000 4832 3909 1488 1
940 155551 11 0.118800 5272 2044 1096 0
626 77206 12 0.127800 4323 1667 1038 0
611 118601 13 0.085100 4516 3590 1643 0
998 106941 14 0.071000 4996 3539 838 0
712 111391 13 0.069800 4170 1825 1329 0
945 151724 14 0.098400 5914 2294 1978 0
509 80055 13 0.024900 4385 997 897 1
985 158265 12 0.109400 5939 3126 1748 0
517 93439 15 0.030500 5867 2386 1123 1
545 93641 10 0.012000 5585 3845 1421 0
641 88338 12 0.040300 5535 1453 1831 1
645 78567 10 0.111200 4524 2978 1817 0
572 80716 12 0.047000 4412 3912 1620 0
818 146634 12 0.093200 4430 2179 1192 0
692 83398 14 0.093600 4318 3741 1642 1
642 134238 14 0.027300 4306 819 821 1
652 131549 10 0.124400 4462 1868 807 1
619 112492 11 0.183400 4701 3529 1595 0
812 135994 8 0.086800 5144 3460 924 0
567 58802 11 0.177600 5189 2886 1368 0
999 167301 11 0.097700 4825 3491 1988 1
677 80871 11 0.184800 4659 3281 1513 1
854 119090 17 0.012500 5476 1002 1806 0
776 126421 9 0.074800 4088 1088 860 0
901 197550 10 0.105200 5481 3478 1525 1
916 155058 12 0.097600 5827 1944 1277 1
714 87595 14 0.116900 4302 3155 1692 1
523 75487 11 0.156300 5040 1958 1064 1
948 140808 14 0.143500 4007 1414 1893 1
738 122942 16 0.146400 5872 1045 1693 0
647 111251 14 0.071800 4654 2346 1920 1
733 129750 13 0.091300 4250 900 1572 1
999 148277 14 0.109200 5470 3866 1646 0
663 140444 18 0.044100 5384 3595 1728 1
819 151153 15 0.083400 4860 1099 1409 0
793 149633 11 0.041100 4419 3918 880 1
797 146936 14 0.089900 4347 1193 1733 1
657 84401 15 0.104600 5171 2382 1430 0
652 122461 11 0.082000 4649 3282 1739 1
924 195515 12 0.146300 5076 3929 1430 1
583 90093 10 0.099300 4783 1299 1553 0
559 108740 16 0.187400 5264 2591 1189 1
762 103579 8 0.168000 5463 2614 1357 1
753 111464 10 0.110100 4508 2387 1515 0
830 190260 14 0.101200 5650 1170 1132 0
542 113739 15 0.076000 5256 2637 1202 1
993 152578 17 0.135500 4170 3241 1637 0
914 151545 17 0.106200 4369 1208 1028 1
612 110295 13 0.144800 5445 1837 1441 1
682 107216 11 0.065900 4298 869 862 0
857 126183 8 0.078200 4118 2863 1435 1
777 126992 13 0.172800 4061 1870 1954 0
613 106122 16 0.099800 5155 1954 1896 1
951 173978 13 0.016900 5965 2722 1754 0
