682 117584 12 0.108300 5710 1285 1692 1
587 105825 16 0.063600 4160 2824 1462 0
564 90444 14 0.030900 5153 3845 953 0
703 111235 18 0.094300 5360 2152 1126 0
665 121194 14 0.104300 5216 1693 918 0
748 116568 11 0.112900 4507 3494 1070 0
789 125519 13 0.136000 5279 1067 1287 0
897 189351 8 0.111200 5573 3872 1436 1
934 112597 8 0.112200 5729 1605 1791 0
549 80895 16 0.073600 4623 3783 1479 1
656 76189 15 0.101600 5765 1835 1074 0
844 154186 9 0.100600 5846 2276 1017 0
913 104906 9 0.046600 5825 1847 1318 1
625 132513 13 0.096300 4593 1783 1832 1
564 65026 13 0.134900 4456 1035 808 0
995 192005 13 0.083400 4519 1082 1088 0
792 146693 16 0.086000 4321 2050 1948 1
904 190128 17 0.158400 5568 1675 1242 0
922 152111 14 0.095700 4795 3593 1422 1
716 161651 15 0.078200 5260 1592 1591 1
596 97412 11 0.060900 5280 1365 1610 0
872 93556 11 0.152900 4805 1283 954 0
763 180962 12 0.110100 5228 3131 1931 1
804 137755 12 0.087300 5831 3024 1089 0
857 146287 16 0.172800 4233 1413 854 0
716 96064 9 0.086200 4880 2270 1604 1
533 85456 12 0.111900 4868 2929 1049 1
922 159064 12 0.047700 5410 3267 1121 0
651 124175 13 0.150500 4208 2654 977 0
815 104851 11 0.060000 5773 1824 1104 0
799 71719 12 0.122500 5666 3613 1415 0
873 103075 13 0.030100 5800 3527 1984 1
778 124086 14 0.106600 5866 1898 807 1
816 129127 14 0.144700 5061 2706 1201 0
705 133537 15 0.185600 5739 3731 1608 0
871 94680 12 0.085100 4142 1581 1001 0
976 136828 12 0.023700 4897 3688 1279 0
805 108619 16 0.082800 5712 2876 1359 1
611 122715 15 0.127900 5237 3902 1663 0
789 140327 14 0.095000 4195 1113 1768 0
755 68374 11 0.108200 5478 1944 1470 1
812 167173 10 0.113100 5327 1199 1332 1
547 97300 17 0.140700 4407 3021 1204 1
775 126715 14 0.090700 5480 1190 1988 1
711 149309 10 0.084600 4936 2287 1734 1
519 84695 15 0.030300 4276 2428 1707 0
875 136370 17 0.134900 5542 945 1928 0
946 151692 9 0.049500 4923 2663 1109 1
572 116372 10 0.062200 4155 3955 1163 0
866 141455 13 0.127500 5909 2012 1347 1
792 91272 11 0.113900 5254 2697 1920 0
785 131351 14 0.118900 4991 1063 1909 1
834 118955 15 0.148800 4777 2636 881 0
590 85198 13 0.063700 4815 3434 1157 0
502 62485 13 0.055400 5191 3772 1584 1
999 180536 15 0.120000 5518 3310 1323 1
919 161726 12 0.091600 5968 3300 1859 0
967 206152 15 0.045600 5801 2121 1343 1
820 133987 14 0.047000 4800 3743 1289 0
969 142147 13 0.040100 5604 3274 1779 0
758 154153 11 0.099100 5090 1645 1598 1
575 121141 16 0.082500 5446 1783 1817 1
631 76939 15 0.082700 5408 2552 1420 1
993 142827 14 0.053500 4297 2156 1916 0
955 169666 15 0.094100 5082 3656 1969 0
718 90279 10 0.164800 4216 2992 1132 0
582 123486 13 0.141900 4804 3677 1563 0
705 135026 14 0.094400 5740 3797 814 1
594 87968 16 0.120500 5574 2028 1098 1
891 115898 15 0.115000 4777 2136 1643 0
997 170248 15 0.077000 5786 2042 1184 1
670 75818 12 0.084300 5827 1181 952 1
729 121455 17 0.049000 5931 2871 1331 0
891 124226 14 0.104600 4195 1649 840 1
837 152470 16 0.137600 4655 2700 1455 0
793 136651 11 0.138300 5377 1339 1987 1
800 121977 11 0.094100 4500 3221 1078 1
610 122066 11 0.102600 4776 3405 1493 0
850 191384 11 0.149100 4636 2779 1711 1
934 188729 15 0.066700 4861 3470 1501 1
896 182951 11 0.035300 5150 1362 1136 0
978 170125 12 0.179000 4402 3381 1978 1
944 113812 10 0.186500 5932 1586 1068 1
641 62060 13 0.145100 4782 1199 1210 0
609 95721 12 0.100600 5110 2632 1237 1
904 172971 15 0.168500 4111 1119 1208 0
934 123638 14 0.169600 5041 1956 1797 1
506 61270 14 0.093800 4660 3259 975 1
882 141536 13 0.049200 5111 2586 1446 1
608 66671 13 0.108600 5917 1934 1210 1
830 145907 14 0.090100 5229 1192 1451 1
649 110468 11 0.065500 5242 1437 828 0
503 60740 11 0.081200 4477 2605 1864 1
512 96005 12 0.045700 4840 1963 1297 0
767 143633 15 0.090000 4518 2719 1888 1
508 108167 14 0.106300 5690 2099 1954 1
630 77672 18 0.130500 4969 3149 849 1
834 108793 9 0.083000 5556 2065 1433 0
961 137313 11 0.110200 5401 2608 1646 0
897 118089 15 0.158100 5769 1455 1034 1
