602 80142 9 0.068700 4645 3161 1343 0
734 127539 16 0.096500 4428 3366 1685 0
908 138261 13 0.053900 5593 2871 1845 1
899 110472 13 0.114900 5288 1923 1886 1
861 115774 15 0.052600 5251 2065 1511 0
705 151903 12 0.066800 4817 2121 1912 0
607 107632 13 0.061000 5239 939 1008 1
668 101723 11 0.091600 5066 3422 1573 1
746 103180 10 0.088100 4440 2233 1697 0
951 168230 11 0.101000 4469 3120 1971 1
788 123326 12 0.113000 5799 3829 1791 0
901 152689 14 0.129100 4435 2036 1454 0
816 134267 12 0.057400 5473 2635 1109 0
991 162066 13 0.063100 6000 2285 964 0
909 114117 10 0.159700 5281 2394 1218 1
985 206573 15 0.158200 5594 2393 1315 0
841 126463 13 0.097500 5837 1934 812 0
792 93974 15 0.116900 4098 928 1551 0
850 193840 18 0.022800 5353 3121 1999 1
881 149280 14 0.094900 5962 890 1187 0
687 122525 18 0.092200 4919 2013 1665 1
807 148913 13 0.024400 5361 1715 1355 0
718 122789 8 0.042400 5940 3109 1756 0
836 97013 14 0.115500 5251 860 1369 0
939 127729 14 0.022600 4094 3848 1490 1
786 113404 15 0.095900 4397 3408 1131 0
1000 170459 16 0.082900 4808 962 1385 0
644 148059 10 0.139200 5430 1047 1061 0
875 169164 14 0.146400 5702 3642 1088 0
952 128443 11 0.106500 5649 2416 1824 1
881 119959 16 0.142800 5881 2672 1314 1
578 91493 12 0.098100 5223 1258 1083 1
802 79664 13 0.037000 4590 1858 1579 1
969 164270 12 0.143200 4772 3295 1735 1
759 118877 13 0.081600 5731 3960 1699 0
994 140679 11 0.037400 4570 2120 1521 1
638 119799 8 0.073000 4986 3200 1011 1
863 163133 12 0.111200 5850 3310 1600 0
670 112820 13 0.129600 5612 838 1213 1
695 157637 18 0.035900 5937 3018 1781 1
675 111783 10 0.081400 5485 1366 872 0
877 116846 14 0.141100 4526 2805 1497 0
707 80107 14 0.107900 5627 1814 1537 0
980 92453 11 0.042500 5088 3305 1599 1
654 84039 9 0.110900 4675 1938 927 0
815 164740 12 0.195800 5080 3000 1830 1
581 101394 14 0.041700 5767 1819 1621 0
600 110069 11 0.105800 4951 1344 1091 0
609 71040 13 0.110800 5816 2820 1387 1
931 155185 13 0.050500 4317 2907 1331 0
877 135851 11 0.117800 4492 1734 1658 1
624 117801 12 0.051600 4254 1163 1424 0
857 176963 15 0.124000 5123 857 1764 1
716 88061 16 0.142500 4194 2661 1360 1
824 143339 9 0.131600 5452 1631 1736 1
556 92297 12 0.169800 5653 1400 999 1
804 195678 12 0.095100 4000 2777 1948 0
780 121753 11 0.077600 4014 2173 1319 1
860 94186 14 0.047000 4390 2302 951 1
760 122055 13 0.104700 4061 2510 1861 0
599 101001 13 0.121200 5105 2597 1533 1
659 134029 16 0.104900 5326 3442 1414 1
567 103625 9 0.049300 5026 3516 963 0
772 137848 10 0.070100 5507 3137 1862 1
785 93467 8 0.065300 5452 2196 1539 0
883 156045 10 0.103200 4446 2407 1439 0
896 121639 13 0.047100 5939 3803 1726 1
524 62473 15 0.113400 5685 1874 972 0
959 96596 17 0.120900 5272 3739 1489 0
716 97277 15 0.189100 4664 2788 1884 1
679 108108 16 0.168900 5986 1184 836 1
966 217162 9 0.116400 5151 3333 875 1
657 134203 18 0.182300 5881 3542 1900 0
824 154319 18 0.064200 4235 3039 860 1
791 124053 12 0.068900 4582 989 1639 0
847 196027 15 0.046900 5342 2152 1981 0
582 109368 16 0.058700 4042 1931 1175 1
883 140060 17 0.106700 5059 984 1978 1
973 164800 9 0.028300 5445 3821 1657 0
855 166553 13 0.193300 4259 2178 1315 1
787 78175 14 0.077500 4115 3970 1471 0
762 182305 9 0.099900 5385 3380 907 0
753 127581 9 0.088100 4304 2070 1651 1
624 80251 8 0.180200 5873 2413 1525 1
525 119319 12 0.181900 5787 3543 805 1
725 138711 14 0.024300 4848 1946 1546 1
877 177100 16 0.054200 5494 3567 948 0
925 203059 9 0.027200 4613 2399 1260 0
881 178130 14 0.106900 4670 2250 998 0
835 152472 9 0.154400 5261 905 1930 0
649 127479 8 0.137700 5201 2885 1698 1
968 162619 14 0.079000 5824 3324 1251 1
922 190343 15 0.128900 5633 2538 1060 0
601 79909 14 0.065500 4320 3164 1528 1
714 123273 12 0.057700 5401 3625 1138 1
974 186389 9 0.093500 4563 2131 1531 0
519 91838 9 0.085700 4358 2990 933 0
833 163927 10 0.060600 4757 2356 1068 1
702 134081 11 0.096900 4193 2626 1892 1
802 117210 9 0.049400 4867 1583 1880 1
