840 120297 14 0.137100 4846 3552 1721 0
865 137998 12 0.158500 4993 3888 927 1
714 126939 16 0.040600 5301 3432 1970 1
519 50721 9 0.025700 5674 3047 1124 0
848 133431 13 0.075200 5607 3195 1256 1
857 161639 9 0.156100 5126 2457 1655 0
699 117051 11 0.178500 5606 3271 1312 0
888 175310 13 0.082800 4447 2260 1288 0
671 122595 12 0.064400 4500 2223 1894 0
896 171017 14 0.050000 5635 3167 814 1
913 169102 12 0.123600 5069 1883 1248 0
838 117786 11 0.158600 5098 3023 963 1
541 75374 15 0.054600 5919 3315 1938 0
647 110741 12 0.051500 4693 1667 1909 1
668 136755 13 0.052800 4076 2916 1199 1
639 106634 18 0.178700 4091 2160 1306 1
585 105449 17 0.175900 4746 2614 1524 1
906 129619 13 0.054000 4040 2268 1313 1
523 84952 15 0.170600 5574 1868 1007 1
830 183146 17 0.086900 4456 3846 1121 1
945 166558 16 0.088400 5836 1319 1496 0
574 64760 11 0.166000 5987 2295 1341 1
945 161302 10 0.120900 4607 1516 909 0
945 152650 16 0.087800 5945 1094 1633 1
624 106013 9 0.094100 5552 1713 1985 1
858 136905 15 0.135700 4102 1674 1823 1
594 77546 14 0.128400 5790 3487 1474 0
725 130357 11 0.154600 5469 2753 1305 0
774 156817 11 0.125300 5222 3038 1393 0
875 146762 11 0.176200 5934 1338 1197 0
819 128685 11 0.100300 4842 1086 1967 1
905 143054 12 0.026800 4473 3841 1511 0
984 101075 11 0.119200 4619 2151 1751 1
635 142604 12 0.089700 4526 3441 1053 1
754 111943 15 0.109300 4456 2579 1138 0
878 124127 12 0.132900 5422 3322 1524 1
576 67789 11 0.105600 5946 3720 1811 1
639 93927 15 0.101800 4433 3439 1703 0
762 165402 13 0.049400 4686 1907 1628 0
546 94916 17 0.127400 4355 1049 1757 0
585 54517 18 0.036500 4265 1899 890 1
621 141728 17 0.054700 4056 3211 1836 1
607 59414 14 0.090600 5459 1666 1109 1
709 127780 14 0.139600 5734 2869 1561 0
710 150049 12 0.072700 5775 3700 1847 1
678 120566 11 0.118500 4142 1748 1523 0
773 112078 12 0.102400 4830 3687 1905 1
627 100824 9 0.081600 5853 2699 1183 1
668 152870 10 0.046500 4188 2322 1977 0
957 220718 12 0.071900 4693 1350 965 0
976 161411 11 0.113000 4107 2964 1430 0
682 149786 12 0.138200 4872 3798 1111 0
571 86117 15 0.141500 5777 2689 1627 1
543 77472 17 0.082900 4878 2790 1713 1
555 78139 15 0.100300 4439 1432 1536 0
934 142237 8 0.028800 4568 2135 984 1
518 93471 12 0.080400 5449 3094 1460 0
834 126563 12 0.149300 5979 1244 1551 0
788 74184 9 0.065200 5303 2860 1896 0
783 96316 14 0.057300 4399 1365 1999 1
771 130088 16 0.151200 5622 1700 825 1
875 169405 12 0.124100 5419 1964 984 1
909 157703 12 0.129900 4010 1435 1729 0
684 114973 17 0.047500 4757 2035 1191 1
926 127345 13 0.161900 5941 1847 1316 0
875 157624 14 0.079300 4664 1450 1242 0
856 133441 13 0.123000 5189 3610 902 1
507 95603 16 0.085100 5271 1286 1346 0
577 110177 10 0.150400 5847 3691 1296 0
788 175010 15 0.069800 5668 1586 1582 1
649 138370 17 0.080600 4054 1403 1791 0
906 180246 16 0.124300 4966 2223 1314 0
877 106762 14 0.040500 5658 1549 988 0
908 130526 12 0.124000 4805 2976 1844 1
820 126006 14 0.137800 4143 2314 1769 0
745 87349 11 0.122300 5760 973 1137 0
966 142316 13 0.054500 4864 1716 974 1
554 83492 15 0.037100 5984 1893 1472 0
542 125793 15 0.145200 4686 3813 1462 0
613 60380 14 0.071800 5136 1884 1881 0
681 133054 13 0.069200 4793 3643 1790 1
983 137397 12 0.016900 4910 1075 1274 1
787 161106 14 0.026200 4737 3920 1306 0
823 90276 15 0.150600 5569 2553 1891 1
649 130674 12 0.119200 5075 2618 1887 1
914 164174 12 0.054900 4788 3602 1818 1
586 57994 13 0.121200 5782 3733 840 1
664 100239 15 0.075100 5857 2623 1490 0
735 126164 8 0.094600 5189 2512 1003 1
983 196993 11 0.132500 4514 2548 1345 0
758 175329 13 0.064000 5888 1778 1915 0
521 75348 11 0.081800 4877 2742 1830 0
896 116643 11 0.115800 4916 2213 1188 1
517 100993 12 0.037800 4530 3877 1248 1
566 80850 9 0.102300 5259 2931 1277 0
880 162914 10 0.133200 4733 2924 807 1
814 195836 14 0.089800 4919 3872 1464 1
826 183337 10 0.138800 5643 3708 991 0
989 176105 17 0.118100 4852 3294 1043 1
522 111782 10 0.085600 4591 3540 1155 0
