963 133868 16 0.112400 4564 3157 1425 1
769 119257 16 0.016100 5674 806 1865 1
583 80847 12 0.156100 5773 3681 1571 0
827 110936 13 0.016900 4528 2440 1157 1
684 105225 13 0.120600 5332 3514 1469 1
832 114950 13 0.144200 5318 1238 1363 0
774 130258 12 0.140600 4988 967 1200 1
517 74860 20 0.110100 4178 3876 1326 1
777 126423 15 0.166300 4459 3206 893 0
977 84367 13 0.091600 5386 1843 1449 1
761 81308 18 0.041300 4362 3165 842 0
775 112079 18 0.074200 4825 2025 1015 0
676 68664 8 0.088800 5850 3291 815 1
942 144328 13 0.168200 4919 2099 923 1
959 171433 11 0.050600 4495 2982 1220 0
549 56621 16 0.068200 4206 1057 919 1
546 68223 16 0.008300 4288 2325 1694 0
630 120512 12 0.054700 4697 3742 1454 1
914 112110 14 0.012800 5691 2627 920 0
500 78626 14 0.188800 4645 1087 1747 1
988 113507 16 0.044100 4166 2733 829 1
550 102443 8 0.152600 5896 3441 1033 0
543 84837 13 0.011500 4706 2655 975 0
631 84021 12 0.030100 5587 2383 1046 0
1000 133997 17 0.130200 5338 3257 1144 0
670 82538 20 0.106200 4412 3395 1815 0
819 119128 14 0.128100 5410 837 921 0
615 81011 19 0.194100 4344 3685 1432 0
554 88174 17 0.090500 4616 3200 1277 0
522 57121 18 0.054900 4505 1103 1681 0
961 151058 15 0.089000 4879 1417 1222 1
593 78799 16 0.178000 4845 1345 962 0
840 100282 19 0.070300 4527 2673 1382 1
519 85310 14 0.073500 5480 2952 1713 1
606 107503 18 0.063500 4061 2470 1084 0
727 82540 12 0.099700 5509 2059 1503 1
775 120334 18 0.018000 4498 2010 1951 0
878 123040 9 0.102400 5951 1529 1566 1
693 100744 11 0.061200 5075 2141 1319 1
544 71318 13 0.086700 5694 3093 1804 0
541 78763 11 0.103700 5619 1126 1623 1
530 91875 11 0.167200 4531 3930 1442 1
967 199318 16 0.111100 4766 3706 1180 1
545 70012 15 0.053700 5963 1346 877 1
946 152488 11 0.091100 5229 2099 930 0
589 100575 16 0.064600 5072 1959 1066 0
708 64238 19 0.151500 5108 1299 1327 1
871 132569 13 0.093300 5435 2398 1344 1
932 116754 14 0.088500 5511 928 1463 1
600 85199 14 0.128700 4391 3858 1601 0
528 73720 16 0.128700 5228 2269 866 1
743 58420 13 0.096700 4547 3716 1956 0
752 125080 18 0.110500 5986 1114 1231 0
587 63393 10 0.131000 4874 1950 878 1
850 152317 16 0.122100 5378 961 1688 1
845 142462 14 0.110800 5508 3628 1809 1
694 75898 11 0.040700 5063 2961 1411 1
684 61114 11 0.066300 5106 2115 1840 0
951 125580 19 0.095100 5573 1270 1578 1
703 142637 10 0.117900 5029 2040 1654 0
708 89419 20 0.094700 4078 1568 1107 1
626 70487 11 0.138500 5212 1935 1681 0
671 71002 16 0.150100 5932 2407 1042 1
910 119677 14 0.104600 5766 3426 1326 1
864 111742 12 0.127100 4016 1158 1769 0
568 83626 12 0.043200 4800 1210 1540 0
530 89549 10 0.055500 5656 1503 1937 1
790 102658 17 0.173400 4755 3747 1309 1
642 94991 9 0.090400 5481 2654 1143 1
769 84280 16 0.111300 4973 3124 998 0
884 155782 15 0.117500 4956 2755 1024 0
582 94707 19 0.106400 5754 2978 1851 0
802 58906 11 0.062200 5540 2991 1264 1
894 179637 12 0.105200 5365 1996 1023 1
986 130931 15 0.064400 4168 3941 1580 0
905 120242 14 0.154400 5574 1666 1043 1
547 78482 13 0.029800 5218 2848 1213 1
686 108754 12 0.021900 4715 2394 1821 1
839 125223 12 0.045000 5042 3569 1390 0
541 72161 11 0.065400 4206 916 1029 0
837 160101 18 0.102700 4515 2180 1007 0
653 64819 10 0.150300 5278 2365 1574 0
687 88410 13 0.071300 5664 3453 894 0
926 93677 15 0.140400 4787 2003 1334 1
971 123261 15 0.155200 5461 3337 1347 1
879 104614 19 0.088200 5744 985 1809 0
765 75646 19 0.088800 4090 3810 874 0
743 80601 17 0.041200 4831 2474 1968 0
953 132996 14 0.074200 5125 1485 1861 0
954 159722 13 0.068200 5444 1969 1668 1
837 138073 13 0.119400 4221 2519 1072 0
688 123342 18 0.076900 5344 1419 1624 0
958 174540 14 0.139900 5425 3144 1287 1
590 90064 13 0.150500 5861 3715 1532 0
695 81802 11 0.032600 5879 2761 1833 0
963 182723 18 0.121800 4766 1290 1072 1
832 107065 13 0.095100 5253 3145 1943 0
837 175961 14 0.057500 5912 2985 1259 0
625 77002 11 0.121100 5714 2659 1791 1
656 102039 12 0.114800 4542 1505 1781 1
