834 117576 11 0.081900 4740 2213 1184 0
544 46907 17 0.139700 5138 2358 1574 1
698 102150 12 0.149100 4236 1654 1821 1
592 63861 11 0.118900 5356 3402 1520 1
713 65777 19 0.061000 4870 2726 1480 0
665 88715 14 0.128600 5909 3433 1176 0
802 113959 8 0.113000 5019 1001 1124 0
980 107754 12 0.068200 5010 2750 1369 0
734 124481 14 0.113100 4080 3730 1536 0
614 96949 11 0.008300 5774 1860 965 0
901 137531 10 0.107100 4908 1446 1084 0
516 41743 14 0.078800 4032 854 895 0
519 77879 14 0.021700 4042 2935 1585 1
794 138570 17 0.065200 4016 2232 1823 1
871 140310 13 0.112400 5269 3433 985 1
587 88573 12 0.165400 5275 1983 1249 1
960 96170 8 0.085200 4875 1180 1387 0
880 156647 13 0.157400 5887 3835 1312 0
813 143024 15 0.091400 4634 1679 1778 1
653 109489 8 0.100700 5384 2439 898 0
713 80591 11 0.041400 4300 3037 1685 0
805 139091 14 0.048400 4981 3811 887 0
614 76720 15 0.022400 4938 1819 1648 0
718 68482 15 0.127600 4150 3091 1706 0
734 104711 13 0.116500 4406 897 1724 0
932 175489 10 0.029000 4507 940 1614 1
545 70334 10 0.030100 4175 2706 1776 0
778 104720 11 0.036400 4915 2131 1998 0
771 92611 8 0.135500 5239 2706 1594 1
562 53425 10 0.133700 4970 3988 1263 0
580 107537 16 0.169900 4434 2037 1564 1
723 101180 11 0.024800 4193 2777 934 1
814 98886 10 0.105700 4533 1529 1083 1
915 134300 14 0.061700 4990 2435 1827 0
694 132079 18 0.087000 5280 3213 1509 0
725 88852 14 0.172500 4893 2172 1765 0
910 106254 12 0.103900 5083 1405 1676 1
878 129368 17 0.149500 4769 1366 1217 0
825 100721 12 0.134600 5410 1218 1542 0
606 103026 17 0.185200 4616 1343 1816 1
653 119395 13 0.166900 4709 1627 1045 1
525 96266 8 0.136900 5026 3347 1791 0
569 111135 15 0.141200 4916 3465 1068 1
538 88358 16 0.128300 5016 3532 1986 1
991 112266 13 0.075900 4896 2852 1883 0
718 94589 11 0.025900 5767 2301 1056 0
848 134983 14 0.103700 5409 3531 816 1
922 87001 15 0.089200 5373 1431 1030 1
706 116721 17 0.133700 5605 1679 922 1
801 110353 12 0.065800 5999 1422 966 1
718 98354 12 0.091000 4986 2728 1135 0
658 70654 13 0.088300 4384 3330 1312 0
775 140756 17 0.063500 5643 2380 1536 0
931 148761 14 0.129000 4564 1065 1263 0
968 131505 18 0.124100 5417 3409 1160 1
878 125794 12 0.060600 5640 2591 1802 1
912 132001 9 0.128500 5656 3775 1227 1
941 141544 15 0.145700 5243 3266 1442 1
945 121989 14 0.167600 5765 1563 1862 1
945 188816 18 0.059900 5117 1530 1081 1
806 123503 12 0.061600 5925 1094 1978 1
506 69977 15 0.075800 4940 3234 902 1
812 73736 12 0.023700 5821 882 1677 1
592 82696 15 0.133600 5787 2100 918 1
557 95306 14 0.175800 5999 1249 1456 0
975 160058 15 0.121500 4301 3422 1728 1
911 83535 16 0.105100 5880 1672 1286 1
601 92409 13 0.193600 4457 2361 932 0
916 134756 18 0.059900 5582 1052 1217 0
979 99954 19 0.056300 5468 2903 1181 0
626 112982 18 0.093300 5966 1869 1067 1
715 117679 15 0.095600 4781 2950 1532 0
786 121126 14 0.068900 5186 3912 1446 0
519 88609 14 0.155900 5606 1648 824 1
802 110110 19 0.085100 4427 2921 1325 0
577 82269 14 0.102700 5151 1013 1893 1
560 78072 17 0.069600 5649 3356 1426 0
955 175120 15 0.094700 4148 886 1292 0
609 113633 12 0.091500 4009 1719 1828 1
702 81181 11 0.133700 5436 3906 1002 1
984 101569 11 0.075000 4937 2962 996 1
870 128690 17 0.145000 5438 1973 1461 1
977 163164 17 0.102600 4692 3971 1881 1
638 82763 12 0.081200 4305 1657 1067 0
579 68717 15 0.121300 4288 2345 1728 0
672 69121 12 0.143100 5645 2672 1189 0
718 94335 15 0.151800 5084 1972 1842 0
530 100517 14 0.139600 5195 1157 1874 1
981 153350 12 0.051400 4669 2064 1068 1
720 120513 14 0.095700 4588 3711 1767 1
715 144181 16 0.101600 4831 1887 1781 0
980 180973 17 0.081100 5027 3547 951 0
501 89004 13 0.092900 4413 1100 1950 1
729 114096 18 0.105200 4241 1653 1730 1
774 160139 10 0.045300 4205 2498 1342 1
721 101208 16 0.053900 4680 1891 988 0
949 114958 9 0.094600 5559 2668 830 1
972 174640 15 0.072500 4124 2037 1298 1
658 101251 18 0.065700 4787 801 1763 0
915 128958 15 0.051000 4182 904 876 0
