999 89012 11 0.042400 5996 1882 1424 0
748 92291 15 0.181300 4028 3162 1584 0
616 115570 17 0.147900 5031 1149 1425 1
789 138972 16 0.100600 5881 1670 810 1
610 64052 17 0.076600 4772 2671 1862 1
971 144108 15 0.122000 5842 2206 1668 0
714 121771 10 0.136900 5534 3921 1987 1
567 83053 12 0.084800 4175 2243 1270 1
669 106232 17 0.153500 4965 2966 1869 0
737 84527 10 0.088100 5199 1210 1518 1
531 58905 16 0.187500 5299 3568 1529 0
676 80475 11 0.173900 5822 1739 1446 0
556 62725 12 0.069800 5509 2916 1602 1
918 94990 14 0.006300 5265 2099 1607 1
967 174861 16 0.077300 4713 1899 853 1
830 157694 13 0.126000 5483 3033 1228 0
510 94382 12 0.120100 4941 2572 1150 0
922 159046 11 0.155700 4262 3743 1424 0
997 130162 19 0.064600 4530 3700 1177 1
558 67658 9 0.103600 5927 3015 943 0
638 117777 14 0.100400 5408 3927 1513 0
731 132504 14 0.036400 4696 3225 819 0
786 102282 8 0.113200 4897 2384 1267 0
517 69621 9 0.088000 4745 975 977 0
807 157624 11 0.123300 4071 2753 1585 0
845 132448 17 0.081100 5770 2159 1076 1
853 104124 18 0.091400 4226 2578 1584 0
937 146993 9 0.034700 4353 3738 1762 1
578 77610 14 0.102700 4037 2373 1743 0
890 140215 10 0.082300 4828 1737 1408 0
936 105292 11 0.063600 4439 3333 1638 1
580 106603 16 0.099000 4542 2627 1056 1
517 72049 13 0.158800 4228 3465 1286 1
690 110073 17 0.042400 5862 1687 1070 0
503 82686 11 0.102900 5235 2942 954 1
905 96219 16 0.121000 5091 3735 901 0
674 127224 8 0.113500 5559 2931 936 1
577 97419 11 0.080800 5374 3420 807 1
694 98271 12 0.124100 5956 835 946 1
952 198459 14 0.079900 5230 2602 1691 0
972 132082 13 0.094400 5823 1416 953 0
971 132427 12 0.107700 4410 1873 1212 1
978 127283 10 0.063500 4454 1248 1142 0
585 115592 20 0.126700 4031 2395 1637 0
983 165308 16 0.134300 4028 2975 1830 0
937 132590 14 0.158700 4696 3039 999 0
545 81508 11 0.047100 5218 3435 1412 1
924 131367 18 0.052200 5913 1655 900 0
560 72295 16 0.057900 4203 1120 1801 1
691 92222 15 0.083000 4494 2952 1139 0
1000 195315 18 0.095400 4904 3601 1299 1
968 133339 12 0.147300 4649 2067 1314 1
728 110775 10 0.170400 5726 1718 842 0
659 97266 16 0.033500 5183 2521 1777 0
638 96718 15 0.159400 5436 2240 1800 1
634 124648 14 0.041100 4347 3498 1606 0
995 153100 19 0.016000 5460 3733 1238 0
664 109162 14 0.087200 4183 3894 1948 1
676 89025 11 0.065400 5499 2605 1111 0
951 187232 14 0.106400 5166 1000 1283 1
730 129882 14 0.048200 5612 2517 860 0
806 158616 14 0.112200 5587 3683 1658 1
711 79004 10 0.124600 5960 1611 1341 0
903 114835 11 0.156000 5007 1438 890 1
838 151317 19 0.139700 4939 2146 1819 0
993 94120 14 0.161400 5254 2021 1564 1
971 150982 16 0.087300 5852 2437 1122 1
552 61487 8 0.080700 5507 2480 1511 1
636 99499 13 0.074100 5594 1902 1840 1
975 145000 9 0.110800 5397 2216 1270 1
694 82425 13 0.111800 4305 868 1625 1
669 105831 9 0.149300 4765 2323 1940 1
781 131520 18 0.051800 5701 3919 1379 0
871 98039 15 0.106300 4536 2732 1589 1
934 183289 16 0.141800 4889 3696 950 0
827 173706 16 0.086200 4285 1093 1292 0
881 125703 20 0.152000 5377 1087 1535 0
736 126011 19 0.053900 4177 1410 1295 0
701 113715 14 0.037800 5805 2563 1972 0
961 154607 15 0.074500 5271 1058 1324 1
705 117665 16 0.121000 5173 1418 1243 1
633 124651 13 0.094200 5936 964 1142 1
765 108647 19 0.041900 5457 1096 1276 1
755 97246 14 0.082600 5790 2145 949 0
935 173310 18 0.146800 5921 2871 1431 0
911 145260 18 0.120400 5059 3975 1130 1
864 114381 16 0.052300 4058 2662 1005 0
661 118009 20 0.156700 5722 1473 1053 1
983 142332 11 0.139300 5818 3198 1189 1
968 96347 18 0.084200 4478 3869 1545 1
959 157452 15 0.167300 5156 3546 1266 1
744 115741 14 0.065100 5086 3258 1594 1
670 85869 15 0.029500 4424 2216 1913 1
970 114070 14 0.102600 5082 1851 826 0
898 144318 11 0.168200 4137 3506 1343 1
573 111457 16 0.171300 5492 2384 1016 0
989 159031 16 0.059200 5821 3816 948 0
752 147674 11 0.099200 4271 3723 1990 1
628 67366 15 0.134500 5559 2181 1818 0
614 64335 12 0.101000 5005 3506 1279 0
