947 75942 15 0.168200 4032 2963 925 1
548 102018 20 0.065200 5535 2371 948 0
984 150091 12 0.120500 5326 3939 1524 1
767 92450 14 0.085900 4769 2432 839 1
897 121324 10 0.135500 4662 1461 821 1
578 72129 13 0.098700 5303 2838 1290 1
737 97726 16 0.123600 4798 2878 1566 1
904 127196 13 0.126100 5556 3838 1963 1
506 95990 12 0.060400 5046 3570 1735 0
903 105363 18 0.131700 5044 3199 1864 1
960 196176 17 0.157700 4315 826 1499 1
680 104606 19 0.081600 4561 3533 1437 1
663 102998 12 0.146300 5981 1163 1222 1
921 134259 17 0.096000 4800 3627 1320 1
725 117660 10 0.086100 5469 806 1020 0
716 89301 17 0.082400 4062 1191 845 1
525 67419 19 0.088800 5025 3922 1082 1
887 108571 11 0.115800 4613 1061 1576 0
607 77077 14 0.099500 5347 2852 1992 0
581 65609 10 0.186200 4772 1055 1083 0
605 76795 9 0.037500 5635 2473 1885 0
680 103649 15 0.008800 5441 1322 855 0
637 83612 15 0.014500 4909 2661 1849 0
561 52983 16 0.116100 5247 3709 1401 1
639 97494 15 0.057000 4011 3447 840 0
995 150238 13 0.049100 5006 3830 1648 0
829 88668 19 0.131200 4039 854 1470 1
765 86280 16 0.055000 5613 1964 1945 0
585 100453 14 0.100600 4414 1515 1066 0
914 155619 18 0.136000 4183 1779 1973 0
950 114150 12 0.103200 4244 2629 1694 1
610 86475 15 0.149100 4559 2741 1058 0
744 88243 14 0.059500 5776 1248 987 1
928 145848 10 0.122900 5540 1955 1205 0
933 138110 14 0.080900 5507 2339 1387 1
660 69631 12 0.110600 4000 3526 1420 0
578 92544 15 0.088700 4734 1249 1113 1
718 124228 10 0.081700 5241 1079 1838 1
623 101969 16 0.054300 5911 1117 1408 0
838 106994 12 0.141200 5990 1804 1506 1
836 97339 14 0.098200 4433 3341 921 0
891 131252 18 0.045100 4596 1136 1962 0
808 124660 16 0.163600 4200 1597 1000 0
556 101179 15 0.134700 4200 916 986 0
923 123806 13 0.092700 4672 972 1134 1
781 99725 15 0.065600 5926 2748 1890 1
511 71047 12 0.061900 5601 2800 1623 0
794 100980 9 0.167200 5718 1065 1446 1
830 77182 12 0.108700 5129 1177 1495 1
872 141690 10 0.091500 5349 1278 999 1
506 43718 12 0.083300 4536 1378 1051 0
784 111990 12 0.052800 4284 2628 1341 1
654 131918 16 0.103500 4335 1019 1698 0
903 143248 15 0.083100 5718 2871 1350 0
822 130742 10 0.064200 4349 1905 1608 0
795 86903 13 0.035200 5503 2637 1146 1
523 86516 16 0.148500 4597 1381 1951 1
506 59774 17 0.147600 4796 3538 937 0
949 112126 14 0.130800 4365 3496 1803 0
932 151842 17 0.063100 5158 2179 852 1
672 111216 12 0.052100 5506 2239 1073 0
550 73374 14 0.103700 4023 2092 1779 1
512 68793 14 0.067000 5902 3451 2000 0
941 126678 16 0.153800 5249 1729 1399 0
583 109009 13 0.105400 5143 3804 1368 0
547 63594 16 0.094100 5897 1264 918 0
920 151434 17 0.110900 4953 3846 1489 1
741 86864 9 0.082400 4254 1259 1961 1
950 109055 15 0.070400 5130 3686 1903 1
727 92252 14 0.058100 4562 1326 1619 0
713 113048 13 0.158600 4096 2948 1651 1
964 137210 12 0.067400 4662 1239 903 1
516 70089 12 0.125400 5204 3733 1397 1
940 111424 16 0.014900 4762 1586 942 0
973 173341 14 0.092000 5555 3294 1623 1
578 62698 10 0.109200 4263 1102 1347 0
928 104768 19 0.049000 4887 2372 1416 1
734 69999 20 0.129800 4962 3133 991 0
567 57817 12 0.015800 4405 3808 1727 0
970 184696 19 0.141200 4290 3360 1501 0
933 109841 13 0.143400 5986 2596 1215 1
674 131308 14 0.066200 4542 2605 1841 1
521 48459 15 0.028300 4100 3154 1348 0
780 114154 11 0.109800 5187 2821 890 0
671 91801 14 0.170900 5330 818 1295 1
900 127287 16 0.047000 4309 1781 1119 0
807 115339 12 0.068200 4921 1399 1881 1
738 141905 13 0.038400 5297 2411 1901 1
613 108329 12 0.108600 4267 3953 1583 0
760 96696 16 0.091200 5096 2326 1927 1
899 186711 14 0.096100 5003 3540 1820 1
646 63167 15 0.134500 5982 3419 1048 0
667 56544 17 0.044500 4842 1526 1514 0
642 79215 10 0.146600 5750 3736 1718 1
728 104050 12 0.146500 4926 2475 1490 1
778 145714 15 0.116900 5431 1685 1283 0
961 119139 15 0.096600 5452 2449 1140 1
913 106531 15 0.070500 4771 1529 1587 0
827 137113 12 0.132400 5375 1370 887 0
556 86600 18 0.102400 4657 2082 1825 0
