978 96901 15 0.170800 4501 3438 1253 0
514 57733 8 0.174000 4764 3051 1898 0
658 92531 14 0.054300 4313 3333 1262 1
583 70568 11 0.066500 4525 1918 1507 0
812 117519 14 0.185300 5473 2445 1988 1
769 139230 12 0.099100 4519 1641 1382 0
651 86580 17 0.164100 5322 1662 1630 1
595 93696 16 0.072000 5952 2898 1455 0
696 92905 15 0.140100 5718 3265 1742 0
935 143136 15 0.113900 4435 2813 1472 0
592 101961 16 0.034500 4773 3975 1718 1
955 178428 19 0.117800 4604 1304 1053 1
598 86194 11 0.073200 4361 3434 1058 0
668 87091 10 0.144600 5613 2527 1649 0
554 84805 14 0.056200 4157 1446 830 1
834 107112 18 0.081300 4010 3666 951 1
803 124134 19 0.100600 5325 3567 1447 1
536 74631 20 0.085100 4712 3259 1251 1
676 91231 15 0.109900 4713 1900 1645 0
853 131874 10 0.091300 4460 1753 1073 0
726 127249 15 0.072700 4576 1333 1710 0
646 126002 10 0.040300 4814 1240 1489 1
847 81711 12 0.074500 4952 3104 1214 0
948 118844 11 0.130200 4779 2921 933 1
549 108805 15 0.140500 4112 2748 1190 0
640 85315 17 0.046500 4621 2551 1050 0
688 89340 13 0.074200 4246 2398 1216 1
937 120110 14 0.170800 4303 815 1145 1
618 78318 10 0.042100 4910 1559 1119 1
737 137008 13 0.087000 5778 3584 1625 1
956 135257 10 0.088800 4937 3148 1935 1
622 90471 18 0.143500 5887 1982 1660 1
692 92643 10 0.080900 4230 3988 1889 1
910 92821 17 0.097400 5192 1119 1185 1
952 156998 13 0.138700 4828 3121 1714 0
622 86274 12 0.177800 4081 1492 1946 0
774 119570 11 0.146000 5736 2843 1174 0
708 111193 8 0.124100 5141 2049 1343 1
841 136978 11 0.055400 4133 1470 1221 0
592 73597 13 0.063800 5374 1703 855 0
853 154151 11 0.086000 4592 2935 1918 0
714 69206 13 0.057400 4460 1585 1262 0
804 117456 17 0.089900 5575 1439 1180 1
926 124754 13 0.047300 4971 2807 1203 1
617 91975 13 0.105400 4870 1536 973 1
870 161022 13 0.050500 5438 977 1224 1
506 77810 13 0.061800 5698 3151 941 1
689 94890 12 0.073200 5826 2192 1116 0
908 74495 16 0.120800 5244 1874 1626 0
734 132342 14 0.106900 5061 1619 1789 1
701 107080 16 0.124200 4173 2635 1384 0
835 91127 12 0.015900 5453 2283 1338 1
698 130332 11 0.109700 4003 2353 1038 0
896 107996 12 0.087200 4061 1845 1320 1
789 96035 19 0.151600 4630 3226 1089 0
922 158051 10 0.074500 4683 978 1754 0
755 101590 13 0.133100 4037 3552 1184 0
932 165153 16 0.082100 4918 1767 1092 0
876 104549 13 0.155400 4943 1031 887 0
637 117008 14 0.072800 4950 1013 1888 1
935 125419 10 0.142100 4120 3752 1326 0
823 77922 12 0.081800 4206 2785 1846 1
534 44564 14 0.056000 4156 2865 1384 0
855 113982 15 0.034800 4328 2040 1065 1
639 96603 17 0.139400 5947 1985 952 1
701 82534 14 0.150900 5818 3675 1606 1
800 133276 14 0.109800 5334 2593 1868 1
650 75756 9 0.122600 5220 2275 1140 0
547 86739 19 0.121700 4320 3866 1944 0
906 76784 14 0.155200 5231 1112 1245 1
813 109747 16 0.143600 4753 1375 891 1
882 126209 15 0.048900 5122 2157 1505 1
797 99072 17 0.126100 5749 883 827 1
736 95867 9 0.078300 4493 927 818 1
601 105658 9 0.081300 4777 3482 1583 1
853 100546 15 0.021100 4747 2706 1543 1
625 89631 16 0.080500 5551 3183 1468 0
574 54017 17 0.031800 4598 2539 1235 0
758 130472 16 0.110400 5420 3721 1309 0
500 80437 15 0.101800 5033 3131 1079 1
540 72719 12 0.131000 5660 2783 1948 0
889 113046 15 0.076000 4599 1060 922 0
573 55645 12 0.092100 4249 1680 1347 1
531 61512 9 0.077200 5516 3851 973 0
833 109564 16 0.148600 5844 1448 995 1
854 125315 13 0.136800 5408 856 1221 0
915 139870 15 0.071800 4496 2604 1906 1
640 121137 12 0.076200 4822 1078 1177 0
917 187224 12 0.137500 5128 2514 1342 1
664 113665 11 0.080600 4820 2765 1498 0
651 116278 14 0.070700 5906 3321 1863 1
851 122215 12 0.111600 4625 1088 860 1
545 90286 13 0.141400 4571 3686 1402 0
528 50915 20 0.114800 4977 2024 1764 1
504 57678 14 0.099800 5676 1092 1710 0
968 153694 10 0.070200 4526 3192 1310 0
963 103050 13 0.129600 4602 2137 1968 0
597 113703 14 0.120800 4762 3284 1254 0
795 101608 12 0.013900 4225 1640 850 0
804 141812 18 0.142000 5443 3307 999 1
