951 151019 16 0.188100 5156 881 1728 0
727 90648 10 0.046300 5292 3525 916 0
734 133803 12 0.058700 5269 1819 1460 0
988 146053 16 0.155300 5052 3675 1764 0
665 69190 12 0.091500 5247 2923 1660 0
694 80786 14 0.051100 5377 3306 1893 0
626 70698 18 0.068900 4138 1613 954 1
814 150622 13 0.068400 5819 3560 1115 1
653 118024 16 0.117700 5545 3271 1244 1
535 107303 16 0.033200 5353 1507 1642 1
693 80009 16 0.098000 5843 3433 1637 0
528 82677 15 0.053400 4604 1456 884 0
521 44214 12 0.127800 4376 1861 982 1
529 57601 19 0.104700 4806 1525 836 1
611 85890 20 0.112500 5969 2302 1865 0
600 79078 10 0.095300 4179 869 895 1
940 131073 13 0.161600 4821 1037 1659 0
587 60814 14 0.095700 4271 2559 1229 1
733 82830 11 0.055100 5100 2170 972 1
994 118969 16 0.158900 4373 3242 1599 1
877 128970 10 0.123500 4587 3906 1339 1
553 71951 13 0.103500 5867 1983 1797 1
510 78476 14 0.087500 4724 1798 992 0
932 172418 13 0.109000 5029 1635 1519 1
982 151673 20 0.066500 4003 2089 1086 1
991 156707 11 0.116700 4096 2327 987 1
676 118713 15 0.089200 4921 2044 1840 0
783 85862 17 0.144900 4843 1611 1000 0
831 74456 9 0.054700 5371 1253 1443 1
609 66889 15 0.095000 4776 915 1412 1
903 97946 13 0.187300 5104 936 1472 0
881 122440 14 0.160900 5256 3583 898 0
957 168558 17 0.062800 4839 3556 1282 0
743 138691 13 0.014000 4520 3272 1317 1
554 77334 17 0.072400 5311 3343 1194 0
983 93910 17 0.180300 5394 2340 1393 0
789 96709 14 0.090300 4976 3440 874 0
927 152836 15 0.107600 4605 897 1396 1
716 104749 13 0.061300 5755 2621 1244 0
864 112812 13 0.051100 5439 3605 1532 1
514 56715 16 0.054500 4569 2173 941 1
556 87200 9 0.148200 5001 2327 1778 1
700 103296 14 0.018000 4070 2493 1834 0
920 143368 18 0.068700 4882 2061 1352 0
615 75085 14 0.123800 4937 2607 1049 0
798 155851 8 0.112000 4877 1715 1112 0
628 104455 14 0.088700 4726 2240 930 0
965 138652 18 0.142100 5165 1629 1292 0
808 139766 16 0.140300 4244 1356 1754 1
948 124728 18 0.128200 4182 1755 1401 1
676 88282 13 0.119200 4405 2804 1333 0
733 67253 8 0.068100 5524 3786 1774 0
683 103931 14 0.111000 5953 895 1574 1
676 95674 16 0.135600 4545 1695 1459 1
567 74734 15 0.111100 4824 1793 1067 1
827 88182 10 0.027100 4491 1044 1676 0
750 113027 18 0.064100 4886 2084 955 1
953 140787 17 0.092300 5457 1380 1442 0
610 49067 10 0.126800 5354 3412 1313 1
509 72535 14 0.120800 5403 3148 1860 0
759 108550 13 0.076000 4872 3448 1761 1
562 64462 11 0.060500 4857 3437 1290 0
629 90146 17 0.013700 4133 1587 946 0
592 87518 17 0.051000 4214 1799 1795 0
752 148115 13 0.108500 4770 1678 1830 1
665 90002 12 0.046400 5938 2776 1817 1
837 127000 18 0.075300 5276 3431 1735 1
610 71965 15 0.048200 4540 3710 827 1
873 97256 12 0.084300 4321 1747 971 0
668 95772 13 0.088500 5951 2660 1043 0
854 120704 15 0.120000 4257 2909 1246 1
725 136454 12 0.149800 4289 936 1713 0
536 97677 12 0.067700 4373 2455 1703 0
980 142957 11 0.056800 4927 2033 1411 0
568 55302 12 0.088200 5023 3891 1429 1
792 104642 12 0.103900 4305 2866 1631 0
750 126967 15 0.128300 5055 2021 1224 1
843 120017 14 0.123700 4527 3105 1042 0
829 93468 11 0.069800 5222 2432 1703 1
780 136652 12 0.153000 4004 1543 868 1
969 110025 10 0.183400 4395 1658 1554 0
652 70730 9 0.089800 4456 3461 1784 0
648 84264 9 0.113600 5929 2704 1495 1
958 107068 17 0.105800 4135 1023 1608 0
618 107268 14 0.087000 5702 807 1385 1
998 151191 15 0.091300 5405 1204 1968 0
789 98014 16 0.074700 5081 2083 1697 1
588 74293 15 0.180700 5082 2694 1367 1
699 123400 14 0.100800 5488 1427 1088 1
844 131593 8 0.092600 5614 3686 1071 0
816 116516 17 0.076000 5389 883 1070 1
887 159703 15 0.152200 5726 1933 1635 1
873 127510 13 0.161900 5614 2646 1177 0
790 154039 11 0.106200 5126 2410 1906 0
669 112914 13 0.172100 5094 1209 1579 1
946 100121 14 0.099400 5813 2734 1932 1
909 116638 12 0.029800 4940 1294 1895 1
619 67306 11 0.132000 4433 2710 997 0
744 87719 14 0.110000 4719 2936 1142 1
679 82207 10 0.099900 5960 803 1743 0
