577 91786 13 0.191500 4656 870 1520 1
628 102104 19 0.040900 5960 2515 1436 1
580 83387 15 0.049000 5038 809 998 1
648 82300 18 0.106000 4466 2587 978 1
598 96711 12 0.037900 5682 3113 1233 1
898 129563 11 0.069500 4870 3803 1808 1
927 106957 18 0.072500 4238 3697 1765 0
814 134825 13 0.076000 5764 3116 1449 1
938 176298 18 0.089800 5913 2932 1043 0
959 182024 10 0.089800 4296 1098 968 1
852 105784 15 0.106500 4233 3060 1605 0
751 122740 13 0.133300 5442 1517 1529 0
615 85801 11 0.122200 4246 3993 1990 0
637 86217 13 0.124600 5639 3409 1126 0
723 137140 14 0.093600 5192 1626 1771 1
593 86587 14 0.158500 4565 3488 808 1
718 75312 9 0.031200 5361 1567 1193 1
947 90210 16 0.051200 5921 3352 1974 0
839 95845 11 0.107400 5089 1460 975 0
986 101713 16 0.073400 5618 1106 814 0
604 99829 9 0.088500 5348 3601 980 0
805 128587 14 0.100300 5138 2003 1121 0
729 133450 14 0.091100 4362 838 1592 0
686 108529 15 0.063100 5533 3769 997 1
610 124538 13 0.126100 4310 1098 817 0
552 42707 15 0.130200 5233 876 978 0
837 84824 14 0.112500 5358 2232 825 0
558 103091 13 0.090600 4812 1085 1753 0
833 110976 18 0.093100 5548 1761 1863 0
760 135781 16 0.092000 4585 1779 1343 1
802 142187 15 0.114200 4072 3950 1030 0
887 79764 13 0.080200 4902 3958 1479 0
803 97897 14 0.072400 4873 1937 1800 1
874 95288 18 0.057600 5249 3099 1192 0
712 121922 10 0.129600 5172 2518 1636 1
606 112109 14 0.107500 4940 1853 1573 1
592 58406 9 0.126100 4371 3527 1520 1
780 106387 17 0.022700 4980 1258 1339 0
654 81575 17 0.074700 4312 1431 1194 1
652 84231 15 0.088400 4338 3448 1481 1
633 93648 13 0.097600 4449 2957 1881 1
529 77448 17 0.078800 5298 3521 1125 0
882 127430 12 0.169100 5612 1154 1460 1
699 134855 12 0.088600 5957 828 1113 1
803 76560 12 0.101300 4272 2913 1910 1
801 75095 14 0.057900 5573 1906 1964 1
746 117655 13 0.149600 5271 1698 1242 1
765 118318 10 0.080400 4625 1793 1330 1
522 52272 17 0.058500 4667 2209 962 1
934 111527 19 0.047500 4577 807 1677 1
791 107318 10 0.134300 4205 3264 1478 1
794 82715 19 0.050500 4791 1387 864 1
852 123639 14 0.121400 4763 1512 1923 0
542 62917 19 0.116700 5711 3227 955 1
967 171761 20 0.077500 4740 2859 914 0
975 128773 11 0.118900 4001 3981 1750 0
943 132910 12 0.077800 5382 3679 966 0
514 62289 20 0.162300 5187 2183 1284 0
692 118501 13 0.134600 4909 2728 1427 1
898 128894 15 0.099400 4951 2293 977 0
963 167255 14 0.097900 4707 1724 1547 0
713 98789 17 0.178800 5595 3653 1395 0
535 97948 18 0.079300 5604 2625 1150 1
505 67219 10 0.120900 4284 3742 1082 1
998 140620 15 0.138000 5714 3191 1904 1
570 69698 12 0.160000 5464 1458 1439 0
872 143361 12 0.075700 4934 3952 1131 0
769 102707 16 0.151500 4012 2142 1564 0
883 148571 13 0.141600 5458 3609 1550 1
948 80782 9 0.092100 5533 1736 1482 0
840 148673 13 0.150200 5749 1013 1526 1
537 93558 13 0.106300 5538 3306 1312 0
971 140413 14 0.115400 5860 839 1630 1
789 122805 14 0.053400 5375 1784 1915 0
545 82242 17 0.158400 4840 1742 837 1
519 78470 13 0.144200 5503 1916 846 0
977 158243 15 0.101700 4062 3595 1351 0
572 75000 13 0.086500 5138 3451 913 1
633 87271 15 0.022600 5331 1360 1470 1
672 100079 14 0.088600 5078 2482 1264 1
715 121933 11 0.083700 4791 3370 832 0
861 108398 15 0.129100 5390 906 1591 0
935 128276 14 0.096000 5206 3917 982 0
546 60784 14 0.099000 4942 1391 1922 0
546 72576 19 0.178000 4594 2359 1666 0
507 98496 12 0.100100 4461 1031 1320 1
603 76581 16 0.085300 4007 3962 1322 1
910 93123 11 0.127100 4881 2033 1666 0
830 117059 19 0.076200 4377 1565 1858 1
573 103733 13 0.086500 4224 1875 1445 1
886 91155 11 0.127400 5342 2272 1345 1
502 81536 14 0.087800 5080 3687 1851 0
687 88148 11 0.130800 5147 3737 1375 1
811 85348 13 0.121600 4528 1243 1036 0
745 119071 13 0.107500 5635 1199 1946 1
868 137424 12 0.026700 5502 3522 879 0
966 117519 14 0.173100 5271 3223 1280 0
620 90694 18 0.071500 5485 3291 1302 1
978 176839 11 0.081900 5101 3816 1108 0
858 101630 15 0.120500 5712 3943 1037 0
