964 146030 14 0.133700 5429 814 1670 1
504 52789 13 0.071000 5966 2677 828 0
603 86203 17 0.136200 4170 2867 1752 0
742 116823 14 0.112400 4834 944 1354 1
758 103014 19 0.163900 5688 2423 1333 1
728 75438 10 0.121900 4516 3778 1542 0
851 115394 16 0.112900 4349 3485 1267 0
758 154686 16 0.114800 4032 1189 1667 1
829 95082 15 0.178300 4016 2212 1161 1
735 138439 15 0.036300 5388 3854 1557 0
907 118765 15 0.100100 5119 1354 1582 0
707 116519 16 0.105800 5407 2570 1922 0
796 128256 12 0.039300 5800 3624 1676 0
932 132833 14 0.075200 5356 1422 932 0
1000 131169 14 0.118900 5281 1462 1925 0
987 148527 12 0.027000 4365 1500 1263 1
658 103385 13 0.115400 4314 2445 1813 1
800 113386 14 0.036300 4793 1802 1642 1
505 75272 13 0.108800 4374 2889 1948 0
989 137302 12 0.056300 4362 2513 1720 0
548 73648 18 0.147000 5499 2258 1638 0
848 90043 18 0.065700 5025 1427 1633 0
816 101523 11 0.095200 5172 1241 1246 0
791 113253 13 0.138300 5559 3432 1250 0
708 118692 15 0.133500 4872 2887 1948 0
748 109822 13 0.098700 5799 3414 1250 1
662 69637 15 0.099600 5302 2808 1468 1
724 119655 17 0.101400 4749 3741 805 1
961 158010 15 0.185400 5505 2482 843 1
629 77012 11 0.065500 5251 1627 1281 1
525 84312 19 0.058700 5120 1160 1001 0
856 95137 14 0.129900 5930 2480 950 1
868 142374 14 0.172900 4554 3612 985 0
770 110856 17 0.178200 5827 3225 1869 0
719 114456 14 0.121800 5379 3657 1102 1
769 63544 15 0.057200 4450 3216 1454 0
721 109197 13 0.153400 4228 3406 1719 1
849 81436 15 0.099900 4031 3205 1030 1
534 77168 10 0.096000 5603 3533 1546 1
809 139581 16 0.085100 4399 1296 1479 1
575 89689 15 0.104300 5121 1149 1696 0
521 105408 19 0.116200 5302 1710 889 0
839 120670 15 0.074400 4374 2828 1752 1
967 117274 15 0.106800 4835 1537 1918 1
954 164346 14 0.071100 4217 1328 1134 0
550 100371 14 0.153400 5492 1734 1289 1
738 98534 16 0.159400 5677 3582 1405 0
724 97951 15 0.054600 4448 1811 1706 1
801 110680 18 0.107400 4291 3514 1701 1
581 57078 13 0.112700 4784 1829 1447 1
794 90965 11 0.041400 5052 3056 1931 0
563 82955 11 0.033100 4989 3051 1419 1
511 61396 14 0.092800 4254 3317 1972 0
673 108174 14 0.111100 5522 3903 1637 1
556 93479 10 0.088300 5726 2548 1224 0
882 136343 13 0.121600 4437 3678 1794 1
570 107503 10 0.101200 5672 3557 920 1
982 156623 9 0.095500 4522 3355 818 0
773 81934 15 0.084300 4390 3367 833 1
807 75518 15 0.056000 4469 3035 1212 1
912 133650 15 0.028100 5482 2013 1097 0
695 119167 14 0.116900 4219 1900 1229 0
503 99965 11 0.034900 4614 2218 1201 1
616 111129 15 0.030700 4241 954 1665 1
681 97828 15 0.136800 4336 3315 1166 1
752 139382 9 0.074300 4931 2998 1116 0
544 108517 11 0.113800 4149 1276 1509 0
558 73022 15 0.157000 4030 3439 1065 1
825 92631 11 0.080400 5973 1222 971 1
505 67882 10 0.135400 5085 3871 1788 0
926 129089 19 0.098400 4128 2292 866 0
845 121216 13 0.191400 5494 1653 909 1
991 146018 12 0.081000 4416 1712 1889 0
655 106387 8 0.101900 4397 1426 1667 1
796 134209 13 0.084300 4264 1466 1195 0
731 79719 10 0.104900 5093 2908 1522 0
526 90090 10 0.051800 4025 2134 1337 1
729 81593 11 0.061900 5958 3277 1941 0
527 57563 15 0.037100 4716 3545 1996 1
695 105087 16 0.146400 4866 2585 913 1
608 66018 8 0.152900 5640 2287 1755 0
839 155755 9 0.096800 4196 2981 1628 0
829 110286 11 0.067800 4332 1776 1061 0
656 115914 11 0.133100 5824 2465 1493 1
722 132943 20 0.072200 5412 2092 1209 1
910 162538 20 0.063900 4038 1620 1618 0
572 81415 13 0.096000 5328 1328 995 0
653 121551 11 0.107900 4175 2082 1618 1
605 56690 14 0.089500 4966 2486 1296 0
896 111064 12 0.081100 4049 3501 1207 1
826 86360 15 0.111500 5505 3718 1632 1
606 82390 16 0.142800 4019 2432 840 0
974 174539 12 0.150500 4279 2249 1986 0
861 93895 14 0.089800 5785 959 1149 1
683 83117 15 0.112300 5738 3728 1269 0
759 105002 10 0.075800 5786 3177 1012 0
522 56787 14 0.098400 4571 1827 1683 1
968 141242 14 0.109700 5112 1417 1408 0
951 175213 15 0.108700 4191 2787 865 1
997 137341 20 0.093400 4278 3524 932 1
