589 109558 15 0.081100 4548 2750 1011 1
724 88551 12 0.092100 4393 1182 1533 1
880 98921 13 0.101400 5349 1459 1751 1
750 98699 13 0.078500 5877 3910 1018 0
725 100878 16 0.058900 4077 3254 1382 1
794 113213 14 0.055800 5165 1749 808 0
651 128172 12 0.118900 5448 3786 1339 0
898 157313 17 0.098900 5639 3107 1978 1
834 94174 17 0.116700 5762 2856 1374 0
781 90349 19 0.032600 4565 1258 1049 0
878 117535 13 0.098100 5380 2142 1512 0
549 72520 12 0.095600 4213 3381 1375 1
566 81077 12 0.099400 4151 2435 877 0
651 88885 17 0.177200 5683 3772 965 1
913 136289 8 0.024400 4028 997 1027 1
500 88741 12 0.186400 5497 1512 1939 0
507 98439 14 0.165700 5417 3853 1717 0
508 76141 11 0.081800 5443 2517 820 0
953 160629 14 0.085100 5485 2394 1656 1
891 134404 9 0.142400 4821 3660 1729 0
738 86199 8 0.075400 5452 2650 1898 1
506 53291 12 0.125600 5327 3163 1368 1
902 150817 18 0.123500 5523 3547 1470 0
702 99271 13 0.125300 5152 2817 1943 0
963 134670 17 0.030500 4212 3873 1038 1
763 122762 15 0.104500 5357 2894 1983 1
627 82161 12 0.071900 4013 1163 995 0
803 122856 9 0.166700 5529 2424 845 0
714 114627 17 0.104900 5778 2716 1137 0
826 67832 14 0.052800 4182 1768 1680 0
622 77397 9 0.085000 5039 2412 1968 1
761 58067 13 0.056900 4727 3503 1146 0
850 112668 15 0.185400 4522 3551 1944 0
910 112250 9 0.145500 4323 2999 930 1
816 109708 10 0.137600 4358 1288 1565 1
917 88218 13 0.084500 5202 3204 1260 0
627 70206 13 0.065200 4223 2086 1409 1
760 91558 16 0.101600 5040 2312 1653 0
660 67335 13 0.095600 4161 1634 804 0
509 94739 17 0.073600 5939 1027 1604 1
907 123577 15 0.073300 5072 1785 1200 0
966 127859 17 0.122700 5052 1534 1636 1
752 76776 12 0.093100 4569 2149 1183 1
985 153456 15 0.078000 4744 2930 1449 1
580 114786 14 0.086600 5612 2482 1789 1
970 163526 17 0.062700 4003 2005 886 1
726 71944 10 0.048000 5070 3782 963 1
547 56426 15 0.063700 4604 3657 1454 0
632 83876 11 0.060000 5824 1783 1154 0
996 164755 17 0.171900 5297 3510 1621 1
858 111618 14 0.067800 4636 1237 1178 1
891 152414 15 0.037400 4201 1374 1628 0
620 91504 14 0.110200 4046 2114 882 0
844 93973 17 0.086400 5462 2715 1485 1
833 147731 16 0.108900 4460 3969 1367 1
937 182422 12 0.109000 5450 1942 1284 0
894 169679 15 0.062500 4406 3452 1655 1
759 103026 11 0.125200 5974 2813 897 0
701 113189 10 0.125900 5572 3036 991 0
620 96943 12 0.080900 4815 3458 1900 0
822 90574 18 0.074300 4302 3667 840 1
563 90016 15 0.135200 5440 3734 1632 0
985 149826 19 0.021400 5117 2469 1070 1
920 115922 15 0.059700 5058 1431 1047 1
746 132276 14 0.132400 4070 858 1323 0
787 148437 11 0.158700 4230 3926 1623 1
571 85558 13 0.121800 4374 920 1425 1
555 88647 16 0.109900 5797 2387 1154 0
537 71398 17 0.062000 5988 1933 1175 1
503 84963 19 0.068500 5984 3292 1843 1
606 79586 11 0.152300 5797 3151 1656 0
602 85798 14 0.051600 5872 3733 1477 0
532 45878 15 0.097900 4659 2020 1175 1
755 117286 18 0.111700 4830 3368 950 0
928 145898 14 0.077100 5621 2972 1955 1
903 130644 11 0.075500 4867 2795 1896 1
800 165357 11 0.086600 4899 2374 1706 1
793 111809 13 0.124100 5567 3176 1151 0
779 96421 13 0.094900 5297 1717 1060 0
748 105480 10 0.057300 4012 3691 1851 1
826 166684 12 0.088400 4834 3468 835 0
663 108610 11 0.076700 4949 1190 1985 1
729 97537 14 0.116000 4970 2477 1781 1
908 111654 12 0.099700 5202 3980 1718 0
787 92678 11 0.078000 5773 3358 1953 1
722 75882 18 0.151700 4156 2235 1322 1
987 142200 14 0.145500 5028 3118 889 0
532 105954 13 0.114200 4645 1718 1876 0
503 73746 15 0.129600 4016 1202 1369 0
509 80243 11 0.073400 4253 1797 1938 1
780 132456 18 0.121600 5881 1194 1618 1
801 106942 10 0.116300 5336 2667 951 1
995 156216 16 0.084000 5413 2270 1586 0
635 111015 11 0.100200 5293 810 934 0
682 126713 13 0.139600 4232 2783 1207 0
968 120060 9 0.103800 4588 3348 1794 1
664 76653 14 0.141600 4919 1380 1033 0
717 149799 18 0.042800 4525 1226 1949 0
831 130730 9 0.115800 4498 1441 1525 0
879 132901 12 0.141100 4561 2965 1409 1
