656 90108 12 0.095800 4875 3365 1579 0
594 77730 10 0.109100 4490 1467 1367 1
639 116355 16 0.136000 5666 1255 1711 1
735 78817 19 0.020800 4563 1122 1680 1
690 61487 15 0.019500 4602 1760 1852 1
756 90488 17 0.092800 5032 3796 1825 1
809 115350 16 0.084000 4394 3075 1222 1
697 103755 11 0.130800 5442 2693 986 1
791 93089 17 0.099300 5648 1135 836 1
824 59971 14 0.076800 5288 2721 1270 1
918 115473 15 0.132800 5665 2736 1640 1
806 158342 8 0.128100 4862 3577 1486 1
531 48841 14 0.155800 4244 2698 1748 0
570 97390 14 0.018300 5868 1023 1501 0
512 96871 14 0.079600 5925 1420 1840 0
787 122344 16 0.166000 5399 1428 1114 1
588 89152 14 0.112800 5296 3027 933 1
530 67532 15 0.057600 4067 3503 1062 0
531 87044 19 0.121100 5585 1601 1236 1
749 120384 14 0.135900 5954 1551 1103 1
651 88804 11 0.151300 5571 3257 1142 1
884 152748 16 0.153100 4439 3185 1338 1
525 78372 12 0.120700 5735 3083 906 1
614 89751 13 0.018200 4623 2785 1473 0
640 78605 8 0.039300 4683 2453 1861 0
947 142117 15 0.071600 4464 3040 865 1
618 81921 12 0.104800 4406 2495 1434 0
957 123843 14 0.015900 5360 3654 1127 1
573 100275 16 0.096600 5178 2661 1843 0
596 92608 14 0.131500 5258 2874 1203 0
709 101796 14 0.076500 4123 2635 1417 1
616 85250 15 0.090400 4407 1768 1105 1
936 106312 15 0.125100 4278 1314 1209 0
541 84371 17 0.068800 5316 2509 954 1
823 139001 13 0.109300 5597 1122 823 0
804 126541 10 0.056200 5159 3347 1988 0
611 91884 13 0.137800 4416 2112 821 0
967 129845 13 0.141800 5725 1141 1213 1
503 72643 12 0.102100 4908 1573 1951 0
622 94167 20 0.098300 5438 1083 1429 0
781 115656 13 0.062800 5197 3642 872 1
687 116100 17 0.137700 4540 3431 1028 0
992 158315 14 0.091600 4187 3414 1605 0
574 102504 15 0.136200 5201 3024 1602 0
688 97948 11 0.112600 4325 3814 837 0
807 68360 13 0.105400 5737 2030 1671 1
961 145880 17 0.156900 4103 2817 1290 1
875 100051 16 0.083300 5026 1577 1002 0
635 85338 16 0.124600 5321 865 1842 0
694 81293 16 0.039300 5379 903 1015 1
723 122532 12 0.091300 4320 1296 1882 1
738 95003 12 0.060000 5239 2484 1639 0
775 96330 15 0.158100 4892 2877 942 0
593 108548 15 0.068500 4972 3082 826 0
593 100900 16 0.130900 4146 3207 960 1
854 87162 13 0.087500 5604 3447 1697 0
819 100583 11 0.101600 4689 2841 1442 0
662 50914 11 0.037300 5976 941 1100 0
956 128510 17 0.084000 5387 2416 1529 1
694 102823 13 0.093500 5291 1322 1470 0
665 101423 13 0.104800 4600 1679 1695 0
736 85007 15 0.110500 4801 2422 1748 1
664 68741 20 0.018900 4897 993 1470 0
878 135314 12 0.119800 4731 3787 864 0
688 121142 15 0.021800 5814 2398 1539 1
616 84760 19 0.034800 4463 3784 967 1
785 110593 12 0.133600 4136 3990 1803 0
834 124906 10 0.106800 5637 2445 1411 0
693 101371 16 0.095700 4838 1704 1414 1
540 83300 11 0.066500 4175 1582 1669 1
982 125895 8 0.142400 4175 3115 1853 1
725 111453 13 0.164900 5193 933 1228 1
751 91615 10 0.159500 4318 2751 1007 1
706 103932 15 0.147400 5838 3299 1178 1
667 99750 15 0.053300 4643 2002 1418 0
822 110555 13 0.059000 5995 3410 832 1
536 94293 12 0.084300 4837 2246 1646 1
930 110976 13 0.143000 5439 2342 1589 0
748 88303 15 0.126600 4315 2135 1590 1
874 153690 14 0.095600 5640 1390 947 0
822 112830 15 0.116100 4821 1854 1554 0
604 89305 16 0.100500 5973 3471 1591 1
622 116656 17 0.055700 5526 3038 1492 0
897 105944 13 0.074500 4603 2950 1809 0
761 137653 12 0.132500 4533 3009 1584 0
783 104251 12 0.197200 4670 3978 1706 0
845 123411 14 0.022700 5131 2798 818 0
568 83503 11 0.073300 4552 1646 1382 0
689 87288 12 0.070300 4762 2787 976 0
998 142560 19 0.142400 5684 3545 1514 0
885 114349 14 0.113600 5128 2103 1173 1
748 78705 10 0.115300 5436 2383 868 0
624 58832 16 0.123600 4118 2147 1268 0
628 54723 16 0.192000 5467 2948 948 0
945 120389 14 0.165800 4378 1418 1052 0
950 128500 11 0.059200 4489 1940 1217 1
502 62252 19 0.162200 5877 2345 1064 1
957 174491 17 0.069900 5931 1401 1617 1
623 88756 18 0.095100 4871 3220 1101 1
734 120215 11 0.119100 4161 3172 1954 1
