# generation power_min power_avg power_max util_min util_avg util_max
1 32.205481 32.989419 34.202368 0.551251 0.567887 0.582968
10 32.205481 32.876201 33.570302 0.555722 0.569234 0.582968
20 31.772074 32.750331 33.339160 0.560744 0.571158 0.586197
30 31.772074 32.646685 33.178919 0.562097 0.572635 0.586197
40 31.772074 32.555932 33.093397 0.563518 0.573714 0.586197
50 31.656629 32.462175 32.948441 0.564960 0.574943 0.586197
60 31.559268 32.369767 32.853440 0.567191 0.576292 0.586197
70 31.478632 32.284708 32.758770 0.567191 0.577180 0.586197
80 31.302514 32.201194 32.629728 0.569339 0.578250 0.587788
90 31.144643 32.114379 32.553789 0.570675 0.579367 0.590951
100 31.144643 32.026784 32.489051 0.570675 0.580525 0.590951
110 31.144643 31.948547 32.383015 0.571472 0.581314 0.591346
120 31.144643 31.876697 32.302489 0.574055 0.582154 0.591346
130 31.144643 31.798863 32.206287 0.576554 0.582816 0.591617
140 31.078375 31.723339 32.131360 0.576554 0.583381 0.591617
150 31.078375 31.638314 32.089753 0.576616 0.584517 0.592414
160 30.835844 31.557833 32.016960 0.577100 0.585315 0.594905
170 30.835844 31.492940 31.900023 0.578083 0.586012 0.594905
180 30.835844 31.424099 31.782354 0.581170 0.586890 0.598173
190 30.783864 31.357168 31.739745 0.581477 0.587800 0.598173
200 30.700256 31.279908 31.684984 0.581477 0.588776 0.598633
210 30.647839 31.212349 31.601909 0.581477 0.589846 0.598633
220 30.647839 31.147107 31.539057 0.581766 0.590883 0.598633
230 30.647839 31.083679 31.418378 0.581766 0.591875 0.600242
240 30.619014 31.018128 31.321253 0.586211 0.592965 0.600242
250 30.619014 30.965345 31.276440 0.586211 0.593790 0.600242
260 30.619014 30.912679 31.233187 0.588187 0.594597 0.600242
270 30.551672 30.858910 31.171686 0.588559 0.595413 0.600423
280 30.293862 30.801614 31.134166 0.589403 0.596240 0.601817
290 30.244724 30.752435 31.076782 0.590924 0.597031 0.601817
300 30.244724 30.715255 30.971614 0.592101 0.597527 0.601817
310 30.244724 30.680749 30.871854 0.593054 0.598040 0.603192
320 30.244724 30.650845 30.835844 0.594702 0.598466 0.603192
330 30.244724 30.618408 30.783864 0.594702 0.598948 0.603192
340 30.244724 30.587713 30.745121 0.595441 0.599294 0.603385
350 30.244724 30.562379 30.670378 0.596054 0.599536 0.603385
360 30.244724 30.536382 30.670378 0.596054 0.599771 0.603385
370 30.225527 30.505441 30.647839 0.596054 0.600087 0.603385
380 30.129965 30.473375 30.647839 0.596054 0.600388 0.603385
390 30.129965 30.434906 30.628642 0.597191 0.600762 0.603385
400 30.129965 30.401103 30.564503 0.598727 0.601102 0.603385
410 30.086686 30.369335 30.564503 0.598727 0.601385 0.605826
420 30.086686 30.335753 30.549812 0.598727 0.601671 0.605826
430 30.086686 30.304220 30.543897 0.598727 0.601888 0.605826
440 30.086686 30.274304 30.456882 0.599713 0.602166 0.605826
450 30.086686 30.251107 30.414116 0.600408 0.602330 0.605826
460 30.086686 30.228110 30.365587 0.600408 0.602405 0.605826
470 30.086686 30.214069 30.250583 0.601766 0.602585 0.605826
480 30.086686 30.210129 30.244724 0.601766 0.602703 0.605826
490 30.086686 30.202426 30.244724 0.601766 0.602825 0.605826
500 30.086686 30.190995 30.244724 0.601766 0.603026 0.605826
510 30.086686 30.177935 30.244724 0.601766 0.603269 0.605826
520 30.086686 30.165826 30.225527 0.602812 0.603487 0.605826
530 30.086686 30.155062 30.225527 0.602812 0.603610 0.605826
540 30.086686 30.143856 30.225527 0.602812 0.603713 0.605826
550 30.086686 30.130793 30.225527 0.602812 0.603951 0.605826
560 30.086686 30.117342 30.225527 0.602812 0.604190 0.605826
570 30.086686 30.108048 30.168790 0.602812 0.604464 0.605826
580 30.086686 30.102032 30.129965 0.602850 0.604730 0.605826
590 30.086686 30.097705 30.129965 0.602850 0.605028 0.605826
600 30.029950 30.092809 30.129965 0.602850 0.605322 0.605826
610 30.029950 30.088481 30.129965 0.602850 0.605620 0.605826
620 30.029950 30.086119 30.086686 0.605497 0.605823 0.605826
630 30.029950 30.086119 30.086686 0.605497 0.605823 0.605826
640 30.029950 30.086119 30.086686 0.605497 0.605823 0.605826
650 30.029950 30.086119 30.086686 0.605497 0.605823 0.605826
660 30.029950 30.084984 30.086686 0.605497 0.605816 0.605826
670 30.029950 30.083850 30.086686 0.605497 0.605810 0.605826
680 30.029950 30.083850 30.086686 0.605497 0.605810 0.605826
690 30.029950 30.083850 30.086686 0.605497 0.605810 0.605826
700 30.029950 30.083850 30.086686 0.605497 0.605810 0.605826
710 30.029950 30.082715 30.086686 0.605497 0.605803 0.605826
720 30.029950 30.082147 30.086686 0.605497 0.605800 0.605826
730 30.029950 30.080445 30.086686 0.605497 0.605790 0.605826
740 30.029950 30.077609 30.086686 0.605497 0.605773 0.605826
750 30.029950 30.074204 30.086686 0.605497 0.605754 0.605826
760 30.029950 30.072502 30.086686 0.605497 0.605744 0.605826
770 30.029950 30.067396 30.086686 0.605497 0.605714 0.605826
780 30.029950 30.063424 30.086686 0.605497 0.605691 0.605826
790 30.029950 30.058318 30.086686 0.605497 0.605662 0.605826
800 30.029950 30.052644 30.086686 0.605497 0.605629 0.605826
810 30.029950 30.046971 30.086686 0.605497 0.605596 0.605826
820 30.029950 30.041865 30.086686 0.605497 0.605566 0.605826
830 30.029950 30.036191 30.086686 0.605497 0.605533 0.605826
840 30.029950 30.030517 30.086686 0.605497 0.605500 0.605826
850 30.029950 30.029950 30.029950 0.605497 0.605497 0.605497
860 30.029950 30.029950 30.029950 0.605497 0.605497 0.605497
870 30.029950 30.029950 30.029950 0.605497 0.605497 0.605497
880 30.029950 30.029950 30.029950 0.605497 0.605497 0.605497
890 30.029950 30.029950 30.029950 0.605497 0.605497 0.605497
900 30.029950 30.029950 30.029950 0.605497 0.605497 0.605497
910 30.029950 30.029950 30.029950 0.605497 0.605497 0.605497
920 30.029950 30.029950 30.029950 0.605497 0.605497 0.605497
930 30.029950 30.029950 30.029950 0.605497 0.605497 0.605497
940 30.029950 30.029950 30.029950 0.605497 0.605497 0.605497
950 30.029950 30.029950 30.029950 0.605497 0.605497 0.605497
960 30.029950 30.029950 30.029950 0.605497 0.605497 0.605497
970 30.029950 30.029950 30.029950 0.605497 0.605497 0.605497
980 30.029950 30.029950 30.029950 0.605497 0.605497 0.605497
990 30.029950 30.029950 30.029950 0.605497 0.605497 0.605497
1000 30.029950 30.029950 30.029950 0.605497 0.605497 0.605497
1010 30.029950 30.029950 30.029950 0.605497 0.605497 0.605497
1020 30.029950 30.029950 30.029950 0.605497 0.605497 0.605497
1030 30.029950 30.029950 30.029950 0.605497 0.605497 0.605497
1040 30.029950 30.029950 30.029950 0.605497 0.605497 0.605497
1050 30.029950 30.029950 30.029950 0.605497 0.605497 0.605497
1060 30.029950 30.029950 30.029950 0.605497 0.605497 0.605497
1070 30.029950 30.029950 30.029950 0.605497 0.605497 0.605497
1080 30.029950 30.029950 30.029950 0.605497 0.605497 0.605497
1090 30.029950 30.029950 30.029950 0.605497 0.605497 0.605497
1100 30.029950 30.029950 30.029950 0.605497 0.605497 0.605497
1110 30.029950 30.029950 30.029950 0.605497 0.605497 0.605497
1120 30.029950 30.029950 30.029950 0.605497 0.605497 0.605497
1130 30.029950 30.029950 30.029950 0.605497 0.605497 0.605497
1140 30.029950 30.029950 30.029950 0.605497 0.605497 0.605497
1150 30.029950 30.029950 30.029950 0.605497 0.605497 0.605497
1160 30.029950 30.029950 30.029950 0.605497 0.605497 0.605497
1170 30.029950 30.029950 30.029950 0.605497 0.605497 0.605497
1180 30.029950 30.029950 30.029950 0.605497 0.605497 0.605497
1190 30.029950 30.029950 30.029950 0.605497 0.605497 0.605497
1200 30.029950 30.029950 30.029950 0.605497 0.605497 0.605497
1210 30.029950 30.029950 30.029950 0.605497 0.605497 0.605497
1220 30.029950 30.029950 30.029950 0.605497 0.605497 0.605497
1230 30.029950 30.029950 30.029950 0.605497 0.605497 0.605497
1240 30.029950 30.029950 30.029950 0.605497 0.605497 0.605497
1250 30.029950 30.029950 30.029950 0.605497 0.605497 0.605497
1260 30.029950 30.029950 30.029950 0.605497 0.605497 0.605497
1270 30.029950 30.029950 30.029950 0.605497 0.605497 0.605497
1280 30.029950 30.029950 30.029950 0.605497 0.605497 0.605497
1290 30.029950 30.029950 30.029950 0.605497 0.605497 0.605497
1300 30.029950 30.029950 30.029950 0.605497 0.605497 0.605497
1310 30.029950 30.029950 30.029950 0.605497 0.605497 0.605497
1320 30.029950 30.029950 30.029950 0.605497 0.605497 0.605497
1330 30.029950 30.029950 30.029950 0.605497 0.605497 0.605497
1340 30.029950 30.029950 30.029950 0.605497 0.605497 0.605497
1350 30.029950 30.029950 30.029950 0.605497 0.605497 0.605497
1360 30.029950 30.029950 30.029950 0.605497 0.605497 0.605497
1370 30.029950 30.029950 30.029950 0.605497 0.605497 0.605497
1380 30.029950 30.029950 30.029950 0.605497 0.605497 0.605497
1390 30.029950 30.029950 30.029950 0.605497 0.605497 0.605497
1400 30.029950 30.029950 30.029950 0.605497 0.605497 0.605497
1410 30.029950 30.029950 30.029950 0.605497 0.605497 0.605497
1420 30.029950 30.029950 30.029950 0.605497 0.605497 0.605497
1430 30.029950 30.029950 30.029950 0.605497 0.605497 0.605497
1440 30.029950 30.029950 30.029950 0.605497 0.605497 0.605497
1450 30.029950 30.029950 30.029950 0.605497 0.605497 0.605497
1460 30.029950 30.029950 30.029950 0.605497 0.605497 0.605497
1470 30.029950 30.029950 30.029950 0.605497 0.605497 0.605497
1480 30.029950 30.029950 30.029950 0.605497 0.605497 0.605497
1490 30.029950 30.029950 30.029950 0.605497 0.605497 0.605497
1500 30.029950 30.029950 30.029950 0.605497 0.605497 0.605497
1510 30.029950 30.029950 30.029950 0.605497 0.605497 0.605497
1520 30.029950 30.029950 30.029950 0.605497 0.605497 0.605497
1530 30.029950 30.029950 30.029950 0.605497 0.605497 0.605497
1540 30.029950 30.029950 30.029950 0.605497 0.605497 0.605497
1550 30.029950 30.029950 30.029950 0.605497 0.605497 0.605497
1560 30.029950 30.029950 30.029950 0.605497 0.605497 0.605497
1570 30.029950 30.029950 30.029950 0.605497 0.605497 0.605497
1580 30.029950 30.029950 30.029950 0.605497 0.605497 0.605497
1590 30.029950 30.029950 30.029950 0.605497 0.605497 0.605497
1600 30.029950 30.029950 30.029950 0.605497 0.605497 0.605497
1610 30.029950 30.029950 30.029950 0.605497 0.605497 0.605497
1620 30.029950 30.029950 30.029950 0.605497 0.605497 0.605497
1630 30.029950 30.029950 30.029950 0.605497 0.605497 0.605497
1640 30.029950 30.029950 30.029950 0.605497 0.605497 0.605497
1650 30.029950 30.029950 30.029950 0.605497 0.605497 0.605497
1660 30.029950 30.029950 30.029950 0.605497 0.605497 0.605497
1670 30.029950 30.029950 30.029950 0.605497 0.605497 0.605497
1680 30.029950 30.029950 30.029950 0.605497 0.605497 0.605497
1690 30.029950 30.029950 30.029950 0.605497 0.605497 0.605497
1700 30.029950 30.029950 30.029950 0.605497 0.605497 0.605497
1710 30.029950 30.029950 30.029950 0.605497 0.605497 0.605497
1720 30.029950 30.029950 30.029950 0.605497 0.605497 0.605497
1730 30.029950 30.029950 30.029950 0.605497 0.605497 0.605497
1740 30.029950 30.029950 30.029950 0.605497 0.605497 0.605497
1750 30.029950 30.029950 30.029950 0.605497 0.605497 0.605497
1760 30.029950 30.029950 30.029950 0.605497 0.605497 0.605497
1770 30.029950 30.029950 30.029950 0.605497 0.605497 0.605497
1780 30.029950 30.029950 30.029950 0.605497 0.605497 0.605497
1790 30.029950 30.029950 30.029950 0.605497 0.605497 0.605497
1800 30.029950 30.029950 30.029950 0.605497 0.605497 0.605497
1810 30.029950 30.029950 30.029950 0.605497 0.605497 0.605497
1820 30.029950 30.029950 30.029950 0.605497 0.605497 0.605497
1830 30.029950 30.029950 30.029950 0.605497 0.605497 0.605497
1840 30.029950 30.029950 30.029950 0.605497 0.605497 0.605497
1850 30.029950 30.029950 30.029950 0.605497 0.605497 0.605497
1860 30.029950 30.029950 30.029950 0.605497 0.605497 0.605497
1870 30.029950 30.029950 30.029950 0.605497 0.605497 0.605497
1880 30.029950 30.029950 30.029950 0.605497 0.605497 0.605497
1890 30.029950 30.029950 30.029950 0.605497 0.605497 0.605497
1900 30.029950 30.029950 30.029950 0.605497 0.605497 0.605497
1910 30.029950 30.029950 30.029950 0.605497 0.605497 0.605497
1920 30.029950 30.029950 30.029950 0.605497 0.605497 0.605497
1930 30.029950 30.029950 30.029950 0.605497 0.605497 0.605497
1940 30.029950 30.029950 30.029950 0.605497 0.605497 0.605497
1950 30.029950 30.029950 30.029950 0.605497 0.605497 0.605497
1960 30.029950 30.029950 30.029950 0.605497 0.605497 0.605497
1970 30.029950 30.029950 30.029950 0.605497 0.605497 0.605497
1980 30.029950 30.029950 30.029950 0.605497 0.605497 0.605497
1990 30.029950 30.029950 30.029950 0.605497 0.605497 0.605497
2000 30.029950 30.029950 30.029950 0.605497 0.605497 0.605497
2010 30.029950 30.029950 30.029950 0.605497 0.605497 0.605497
2020 30.029950 30.029950 30.029950 0.605497 0.605497 0.605497
2030 30.029950 30.029950 30.029950 0.605497 0.605497 0.605497
2040 30.029950 30.029950 30.029950 0.605497 0.605497 0.605497
2050 30.029950 30.029950 30.029950 0.605497 0.605497 0.605497
2060 30.029950 30.029950 30.029950 0.605497 0.605497 0.605497
2070 30.029950 30.029950 30.029950 0.605497 0.605497 0.605497
2080 30.029950 30.029950 30.029950 0.605497 0.605497 0.605497
2090 30.029950 30.029950 30.029950 0.605497 0.605497 0.605497
2100 30.029950 30.029950 30.029950 0.605497 0.605497 0.605497
2110 30.029950 30.029950 30.029950 0.605497 0.605497 0.605497
2120 30.029950 30.029950 30.029950 0.605497 0.605497 0.605497
2130 30.029950 30.029950 30.029950 0.605497 0.605497 0.605497
2140 30.029950 30.029950 30.029950 0.605497 0.605497 0.605497
2150 30.029950 30.029950 30.029950 0.605497 0.605497 0.605497
2160 30.029950 30.029950 30.029950 0.605497 0.605497 0.605497
2170 30.029950 30.029950 30.029950 0.605497 0.605497 0.605497
2180 30.029950 30.029950 30.029950 0.605497 0.605497 0.605497
2190 30.029950 30.029950 30.029950 0.605497 0.605497 0.605497
2200 30.029950 30.029950 30.029950 0.605497 0.605497 0.605497
2210 30.029950 30.029950 30.029950 0.605497 0.605497 0.605497
2220 30.029950 30.029950 30.029950 0.605497 0.605497 0.605497
2230 30.029950 30.029950 30.029950 0.605497 0.605497 0.605497
2240 30.029950 30.029950 30.029950 0.605497 0.605497 0.605497
2250 30.029950 30.029950 30.029950 0.605497 0.605497 0.605497
2260 30.029950 30.029950 30.029950 0.605497 0.605497 0.605497
2270 30.029950 30.029950 30.029950 0.605497 0.605497 0.605497
2280 30.029950 30.029950 30.029950 0.605497 0.605497 0.605497
2290 30.029950 30.029950 30.029950 0.605497 0.605497 0.605497
2300 30.029950 30.029950 30.029950 0.605497 0.605497 0.605497
2310 30.029950 30.029950 30.029950 0.605497 0.605497 0.605497
2320 30.029950 30.029950 30.029950 0.605497 0.605497 0.605497
2330 30.029950 30.029950 30.029950 0.605497 0.605497 0.605497
2340 30.029950 30.029950 30.029950 0.605497 0.605497 0.605497
2350 30.029950 30.029950 30.029950 0.605497 0.605497 0.605497
2360 30.029950 30.029950 30.029950 0.605497 0.605497 0.605497
2370 30.029950 30.029950 30.029950 0.605497 0.605497 0.605497
2380 30.029950 30.029950 30.029950 0.605497 0.605497 0.605497
2390 30.029950 30.029950 30.029950 0.605497 0.605497 0.605497
2400 30.029950 30.029950 30.029950 0.605497 0.605497 0.605497
2410 30.029950 30.029950 30.029950 0.605497 0.605497 0.605497
2420 30.029950 30.029950 30.029950 0.605497 0.605497 0.605497
2430 30.029950 30.029950 30.029950 0.605497 0.605497 0.605497
2440 30.029950 30.029950 30.029950 0.605497 0.605497 0.605497
2450 30.029950 30.029950 30.029950 0.605497 0.605497 0.605497
2460 30.029950 30.029950 30.029950 0.605497 0.605497 0.605497
2470 30.029950 30.029950 30.029950 0.605497 0.605497 0.605497
2480 30.029950 30.029950 30.029950 0.605497 0.605497 0.605497
2490 30.029950 30.029950 30.029950 0.605497 0.605497 0.605497
2500 30.029950 30.029950 30.029950 0.605497 0.605497 0.605497
2510 30.029950 30.029950 30.029950 0.605497 0.605497 0.605497
2520 30.029950 30.029950 30.029950 0.605497 0.605497 0.605497
2530 30.029950 30.029950 30.029950 0.605497 0.605497 0.605497
2540 30.029950 30.029950 30.029950 0.605497 0.605497 0.605497
2550 30.029950 30.029950 30.029950 0.605497 0.605497 0.605497
2560 30.029950 30.029950 30.029950 0.605497 0.605497 0.605497
2570 30.029950 30.029950 30.029950 0.605497 0.605497 0.605497
2580 30.029950 30.029950 30.029950 0.605497 0.605497 0.605497
2590 30.029950 30.029950 30.029950 0.605497 0.605497 0.605497
2600 30.029950 30.029950 30.029950 0.605497 0.605497 0.605497
2610 30.029950 30.029950 30.029950 0.605497 0.605497 0.605497
2620 30.029950 30.029950 30.029950 0.605497 0.605497 0.605497
2630 30.029950 30.029950 30.029950 0.605497 0.605497 0.605497
2640 30.029950 30.029950 30.029950 0.605497 0.605497 0.605497
2650 30.029950 30.029950 30.029950 0.605497 0.605497 0.605497
2660 30.029950 30.029950 30.029950 0.605497 0.605497 0.605497
2670 30.029950 30.029950 30.029950 0.605497 0.605497 0.605497
2680 30.029950 30.029950 30.029950 0.605497 0.605497 0.605497
2690 30.029950 30.029950 30.029950 0.605497 0.605497 0.605497
2700 30.029950 30.029950 30.029950 0.605497 0.605497 0.605497
2710 30.029950 30.029950 30.029950 0.605497 0.605497 0.605497
2720 30.029950 30.029950 30.029950 0.605497 0.605497 0.605497
2730 30.029950 30.029950 30.029950 0.605497 0.605497 0.605497
2740 30.029950 30.029950 30.029950 0.605497 0.605497 0.605497
2750 30.029950 30.029950 30.029950 0.605497 0.605497 0.605497
2760 30.029950 30.029950 30.029950 0.605497 0.605497 0.605497
2770 30.029950 30.029950 30.029950 0.605497 0.605497 0.605497
2780 30.029950 30.029950 30.029950 0.605497 0.605497 0.605497
2790 30.029950 30.029950 30.029950 0.605497 0.605497 0.605497
2800 30.029950 30.029950 30.029950 0.605497 0.605497 0.605497
2810 30.029950 30.029950 30.029950 0.605497 0.605497 0.605497
2820 30.029950 30.029950 30.029950 0.605497 0.605497 0.605497
2830 30.029950 30.029950 30.029950 0.605497 0.605497 0.605497
2840 30.029950 30.029950 30.029950 0.605497 0.605497 0.605497
2850 30.029950 30.029950 30.029950 0.605497 0.605497 0.605497
2860 30.029950 30.029950 30.029950 0.605497 0.605497 0.605497
2870 30.029950 30.029950 30.029950 0.605497 0.605497 0.605497
2880 30.029950 30.029950 30.029950 0.605497 0.605497 0.605497
2890 30.029950 30.029950 30.029950 0.605497 0.605497 0.605497
2900 30.029950 30.029950 30.029950 0.605497 0.605497 0.605497
2910 30.029950 30.029950 30.029950 0.605497 0.605497 0.605497
2920 30.029950 30.029950 30.029950 0.605497 0.605497 0.605497
2930 30.029950 30.029950 30.029950 0.605497 0.605497 0.605497
2940 30.029950 30.029950 30.029950 0.605497 0.605497 0.605497
2950 30.029950 30.029950 30.029950 0.605497 0.605497 0.605497
2960 30.029950 30.029950 30.029950 0.605497 0.605497 0.605497
2970 30.029950 30.029950 30.029950 0.605497 0.605497 0.605497
2980 30.029950 30.029950 30.029950 0.605497 0.605497 0.605497
2990 30.029950 30.029950 30.029950 0.605497 0.605497 0.605497
3000 30.029950 30.029950 30.029950 0.605497 0.605497 0.605497
3010 30.029950 30.029950 30.029950 0.605497 0.605497 0.605497
3020 30.029950 30.029950 30.029950 0.605497 0.605497 0.605497
3030 30.029950 30.029950 30.029950 0.605497 0.605497 0.605497
3040 30.029950 30.029950 30.029950 0.605497 0.605497 0.605497
3050 30.029950 30.029950 30.029950 0.605497 0.605497 0.605497
3060 30.029950 30.029950 30.029950 0.605497 0.605497 0.605497
3070 30.029950 30.029950 30.029950 0.605497 0.605497 0.605497
3080 30.029950 30.029950 30.029950 0.605497 0.605497 0.605497
3090 30.029950 30.029950 30.029950 0.605497 0.605497 0.605497
3100 30.029950 30.029950 30.029950 0.605497 0.605497 0.605497
3110 30.029950 30.029950 30.029950 0.605497 0.605497 0.605497
3120 30.029950 30.029950 30.029950 0.605497 0.605497 0.605497
3130 30.029950 30.029950 30.029950 0.605497 0.605497 0.605497
3140 30.029950 30.029950 30.029950 0.605497 0.605497 0.605497
3150 30.029950 30.029950 30.029950 0.605497 0.605497 0.605497
3160 30.029950 30.029950 30.029950 0.605497 0.605497 0.605497
3170 30.029950 30.029950 30.029950 0.605497 0.605497 0.605497
3180 30.029950 30.029950 30.029950 0.605497 0.605497 0.605497
3190 30.029950 30.029950 30.029950 0.605497 0.605497 0.605497
3200 30.029950 30.029950 30.029950 0.605497 0.605497 0.605497
3210 30.029950 30.029950 30.029950 0.605497 0.605497 0.605497
3220 30.029950 30.029950 30.029950 0.605497 0.605497 0.605497
3230 30.029950 30.029950 30.029950 0.605497 0.605497 0.605497
3240 30.029950 30.029950 30.029950 0.605497 0.605497 0.605497
3250 30.029950 30.029950 30.029950 0.605497 0.605497 0.605497
3260 30.029950 30.029950 30.029950 0.605497 0.605497 0.605497
3270 30.029950 30.029950 30.029950 0.605497 0.605497 0.605497
3280 30.029950 30.029950 30.029950 0.605497 0.605497 0.605497
3290 30.029950 30.029950 30.029950 0.605497 0.605497 0.605497
3300 30.029950 30.029950 30.029950 0.605497 0.605497 0.605497
3310 30.029950 30.029950 30.029950 0.605497 0.605497 0.605497
3320 30.029950 30.029950 30.029950 0.605497 0.605497 0.605497
3330 30.029950 30.029950 30.029950 0.605497 0.605497 0.605497
3340 30.029950 30.029950 30.029950 0.605497 0.605497 0.605497
3350 30.029950 30.029950 30.029950 0.605497 0.605497 0.605497
3360 30.029950 30.029950 30.029950 0.605497 0.605497 0.605497
3370 30.029950 30.029950 30.029950 0.605497 0.605497 0.605497
3380 30.029950 30.029950 30.029950 0.605497 0.605497 0.605497
3390 30.029950 30.029950 30.029950 0.605497 0.605497 0.605497
3400 30.029950 30.029950 30.029950 0.605497 0.605497 0.605497
3410 30.029950 30.029950 30.029950 0.605497 0.605497 0.605497
3420 30.029950 30.029950 30.029950 0.605497 0.605497 0.605497
3430 30.029950 30.029950 30.029950 0.605497 0.605497 0.605497
3440 30.029950 30.029950 30.029950 0.605497 0.605497 0.605497
3450 30.029950 30.029950 30.029950 0.605497 0.605497 0.605497
3460 30.029950 30.029950 30.029950 0.605497 0.605497 0.605497
3470 30.029950 30.029950 30.029950 0.605497 0.605497 0.605497
3480 30.029950 30.029950 30.029950 0.605497 0.605497 0.605497
3490 30.029950 30.029950 30.029950 0.605497 0.605497 0.605497
3500 30.029950 30.029950 30.029950 0.605497 0.605497 0.605497
3510 30.029950 30.029950 30.029950 0.605497 0.605497 0.605497
3520 30.029950 30.029950 30.029950 0.605497 0.605497 0.605497
3530 30.029950 30.029950 30.029950 0.605497 0.605497 0.605497
3540 30.029950 30.029950 30.029950 0.605497 0.605497 0.605497
3550 30.029950 30.029950 30.029950 0.605497 0.605497 0.605497
3560 30.029950 30.029950 30.029950 0.605497 0.605497 0.605497
3570 30.029950 30.029950 30.029950 0.605497 0.605497 0.605497
3580 30.029950 30.029950 30.029950 0.605497 0.605497 0.605497
3590 30.029950 30.029950 30.029950 0.605497 0.605497 0.605497
3600 30.029950 30.029950 30.029950 0.605497 0.605497 0.605497
3610 30.029950 30.029950 30.029950 0.605497 0.605497 0.605497
3620 30.029950 30.029950 30.029950 0.605497 0.605497 0.605497
3630 30.029950 30.029950 30.029950 0.605497 0.605497 0.605497
3640 30.029950 30.029950 30.029950 0.605497 0.605497 0.605497
3650 30.029950 30.029950 30.029950 0.605497 0.605497 0.605497
3660 30.029950 30.029950 30.029950 0.605497 0.605497 0.605497
3670 30.029950 30.029950 30.029950 0.605497 0.605497 0.605497
3680 30.029950 30.029950 30.029950 0.605497 0.605497 0.605497
3690 30.029950 30.029950 30.029950 0.605497 0.605497 0.605497
3700 30.029950 30.029950 30.029950 0.605497 0.605497 0.605497
3710 30.029950 30.029950 30.029950 0.605497 0.605497 0.605497
3720 30.029950 30.029950 30.029950 0.605497 0.605497 0.605497
3730 30.029950 30.029950 30.029950 0.605497 0.605497 0.605497
3740 30.029950 30.029950 30.029950 0.605497 0.605497 0.605497
3750 30.029950 30.029950 30.029950 0.605497 0.605497 0.605497
3760 30.029950 30.029950 30.029950 0.605497 0.605497 0.605497
3770 30.029950 30.029950 30.029950 0.605497 0.605497 0.605497
3780 30.029950 30.029950 30.029950 0.605497 0.605497 0.605497
3790 30.029950 30.029950 30.029950 0.605497 0.605497 0.605497
3800 30.029950 30.029950 30.029950 0.605497 0.605497 0.605497
3810 30.029950 30.029950 30.029950 0.605497 0.605497 0.605497
3820 30.029950 30.029950 30.029950 0.605497 0.605497 0.605497
3830 30.029950 30.029950 30.029950 0.605497 0.605497 0.605497
3840 30.029950 30.029950 30.029950 0.605497 0.605497 0.605497
3850 30.029950 30.029950 30.029950 0.605497 0.605497 0.605497
3860 30.029950 30.029950 30.029950 0.605497 0.605497 0.605497
3870 30.029950 30.029950 30.029950 0.605497 0.605497 0.605497
3880 30.029950 30.029950 30.029950 0.605497 0.605497 0.605497
3890 30.029950 30.029950 30.029950 0.605497 0.605497 0.605497
3900 30.029950 30.029950 30.029950 0.605497 0.605497 0.605497
3910 30.029950 30.029950 30.029950 0.605497 0.605497 0.605497
3920 30.029950 30.029950 30.029950 0.605497 0.605497 0.605497
3930 30.029950 30.029950 30.029950 0.605497 0.605497 0.605497
3940 30.029950 30.029950 30.029950 0.605497 0.605497 0.605497
3950 30.029950 30.029950 30.029950 0.605497 0.605497 0.605497
3960 30.029950 30.029950 30.029950 0.605497 0.605497 0.605497
3970 30.029950 30.029950 30.029950 0.605497 0.605497 0.605497
3980 30.029950 30.029950 30.029950 0.605497 0.605497 0.605497
3990 30.029950 30.029950 30.029950 0.605497 0.605497 0.605497
4000 30.029950 30.029950 30.029950 0.605497 0.605497 0.605497
4010 30.029950 30.029950 30.029950 0.605497 0.605497 0.605497
4020 30.029950 30.029950 30.029950 0.605497 0.605497 0.605497
4030 30.029950 30.029950 30.029950 0.605497 0.605497 0.605497
4040 30.029950 30.029950 30.029950 0.605497 0.605497 0.605497
4050 30.029950 30.029950 30.029950 0.605497 0.605497 0.605497
4060 30.029950 30.029950 30.029950 0.605497 0.605497 0.605497
4070 30.029950 30.029950 30.029950 0.605497 0.605497 0.605497
4080 30.029950 30.029950 30.029950 0.605497 0.605497 0.605497
4090 30.029950 30.029950 30.029950 0.605497 0.605497 0.605497
4100 30.029950 30.029950 30.029950 0.605497 0.605497 0.605497
4110 30.029950 30.029950 30.029950 0.605497 0.605497 0.605497
4120 30.029950 30.029950 30.029950 0.605497 0.605497 0.605497
4130 30.029950 30.029950 30.029950 0.605497 0.605497 0.605497
4140 30.029950 30.029950 30.029950 0.605497 0.605497 0.605497
4150 30.029950 30.029950 30.029950 0.605497 0.605497 0.605497
4160 30.029950 30.029950 30.029950 0.605497 0.605497 0.605497
4170 30.029950 30.029950 30.029950 0.605497 0.605497 0.605497
4180 30.029950 30.029950 30.029950 0.605497 0.605497 0.605497
4190 30.029950 30.029950 30.029950 0.605497 0.605497 0.605497
4200 30.029950 30.029950 30.029950 0.605497 0.605497 0.605497
4210 30.029950 30.029950 30.029950 0.605497 0.605497 0.605497
4220 30.029950 30.029950 30.029950 0.605497 0.605497 0.605497
4230 30.029950 30.029950 30.029950 0.605497 0.605497 0.605497
4240 30.029950 30.029950 30.029950 0.605497 0.605497 0.605497
4250 30.029950 30.029950 30.029950 0.605497 0.605497 0.605497
4260 30.029950 30.029950 30.029950 0.605497 0.605497 0.605497
4270 30.029950 30.029950 30.029950 0.605497 0.605497 0.605497
4280 30.029950 30.029950 30.029950 0.605497 0.605497 0.605497
4290 30.029950 30.029950 30.029950 0.605497 0.605497 0.605497
4300 30.029950 30.029950 30.029950 0.605497 0.605497 0.605497
4310 30.029950 30.029950 30.029950 0.605497 0.605497 0.605497
4320 30.029950 30.029950 30.029950 0.605497 0.605497 0.605497
4330 30.029950 30.029950 30.029950 0.605497 0.605497 0.605497
4340 30.029950 30.029950 30.029950 0.605497 0.605497 0.605497
4350 30.029950 30.029950 30.029950 0.605497 0.605497 0.605497
4360 30.029950 30.029950 30.029950 0.605497 0.605497 0.605497
4370 30.029950 30.029950 30.029950 0.605497 0.605497 0.605497
4380 30.029950 30.029950 30.029950 0.605497 0.605497 0.605497
4390 30.029950 30.029950 30.029950 0.605497 0.605497 0.605497
4400 30.029950 30.029950 30.029950 0.605497 0.605497 0.605497
4410 30.029950 30.029950 30.029950 0.605497 0.605497 0.605497
4420 30.029950 30.029950 30.029950 0.605497 0.605497 0.605497
4430 30.029950 30.029950 30.029950 0.605497 0.605497 0.605497
4440 30.029950 30.029950 30.029950 0.605497 0.605497 0.605497
4450 30.029950 30.029950 30.029950 0.605497 0.605497 0.605497
4460 30.029950 30.029950 30.029950 0.605497 0.605497 0.605497
4470 30.029950 30.029950 30.029950 0.605497 0.605497 0.605497
4480 30.029950 30.029950 30.029950 0.605497 0.605497 0.605497
4490 30.029950 30.029950 30.029950 0.605497 0.605497 0.605497
4500 30.029950 30.029950 30.029950 0.605497 0.605497 0.605497
4510 30.029950 30.029950 30.029950 0.605497 0.605497 0.605497
4520 30.029950 30.029950 30.029950 0.605497 0.605497 0.605497
4530 30.029950 30.029950 30.029950 0.605497 0.605497 0.605497
4540 30.029950 30.029950 30.029950 0.605497 0.605497 0.605497
4550 30.029950 30.029950 30.029950 0.605497 0.605497 0.605497
4560 30.029950 30.029950 30.029950 0.605497 0.605497 0.605497
4570 30.029950 30.029950 30.029950 0.605497 0.605497 0.605497
4580 30.029950 30.029950 30.029950 0.605497 0.605497 0.605497
4590 30.029950 30.029950 30.029950 0.605497 0.605497 0.605497
4600 30.029950 30.029950 30.029950 0.605497 0.605497 0.605497
4610 30.029950 30.029950 30.029950 0.605497 0.605497 0.605497
4620 30.029950 30.029950 30.029950 0.605497 0.605497 0.605497
4630 30.029950 30.029950 30.029950 0.605497 0.605497 0.605497
4640 30.029950 30.029950 30.029950 0.605497 0.605497 0.605497
4650 30.029950 30.029950 30.029950 0.605497 0.605497 0.605497
4660 30.029950 30.029950 30.029950 0.605497 0.605497 0.605497
4670 30.029950 30.029950 30.029950 0.605497 0.605497 0.605497
4680 30.029950 30.029950 30.029950 0.605497 0.605497 0.605497
4690 30.029950 30.029950 30.029950 0.605497 0.605497 0.605497
4700 30.029950 30.029950 30.029950 0.605497 0.605497 0.605497
4710 30.029950 30.029950 30.029950 0.605497 0.605497 0.605497
4720 30.029950 30.029950 30.029950 0.605497 0.605497 0.605497
4730 30.029950 30.029950 30.029950 0.605497 0.605497 0.605497
4740 30.029950 30.029950 30.029950 0.605497 0.605497 0.605497
4750 30.029950 30.029950 30.029950 0.605497 0.605497 0.605497
4760 30.029950 30.029950 30.029950 0.605497 0.605497 0.605497
4770 30.029950 30.029950 30.029950 0.605497 0.605497 0.605497
4780 30.029950 30.029950 30.029950 0.605497 0.605497 0.605497
4790 30.029950 30.029950 30.029950 0.605497 0.605497 0.605497
4800 30.029950 30.029950 30.029950 0.605497 0.605497 0.605497
4810 30.029950 30.029950 30.029950 0.605497 0.605497 0.605497
4820 30.029950 30.029950 30.029950 0.605497 0.605497 0.605497
4830 30.029950 30.029950 30.029950 0.605497 0.605497 0.605497
4840 30.029950 30.029950 30.029950 0.605497 0.605497 0.605497
4850 30.029950 30.029950 30.029950 0.605497 0.605497 0.605497
4860 30.029950 30.029950 30.029950 0.605497 0.605497 0.605497
4870 30.029950 30.029950 30.029950 0.605497 0.605497 0.605497
4880 30.029950 30.029950 30.029950 0.605497 0.605497 0.605497
4890 30.029950 30.029950 30.029950 0.605497 0.605497 0.605497
4900 30.029950 30.029950 30.029950 0.605497 0.605497 0.605497
4910 30.029950 30.029950 30.029950 0.605497 0.605497 0.605497
4920 30.029950 30.029950 30.029950 0.605497 0.605497 0.605497
4930 30.029950 30.029950 30.029950 0.605497 0.605497 0.605497
4940 30.029950 30.029950 30.029950 0.605497 0.605497 0.605497
4950 30.029950 30.029950 30.029950 0.605497 0.605497 0.605497
4960 30.029950 30.029950 30.029950 0.605497 0.605497 0.605497
4970 30.029950 30.029950 30.029950 0.605497 0.605497 0.605497
4980 30.029950 30.029950 30.029950 0.605497 0.605497 0.605497
4990 30.029950 30.029950 30.029950 0.605497 0.605497 0.605497
5000 30.029950 30.029950 30.029950 0.605497 0.605497 0.605497
5010 30.029950 30.029950 30.029950 0.605497 0.605497 0.605497
5020 30.029950 30.029950 30.029950 0.605497 0.605497 0.605497
5030 30.029950 30.029950 30.029950 0.605497 0.605497 0.605497
5040 30.029950 30.029950 30.029950 0.605497 0.605497 0.605497
5050 30.029950 30.029950 30.029950 0.605497 0.605497 0.605497
5060 30.029950 30.029950 30.029950 0.605497 0.605497 0.605497
5070 30.029950 30.029950 30.029950 0.605497 0.605497 0.605497
5080 30.029950 30.029950 30.029950 0.605497 0.605497 0.605497
5090 30.029950 30.029950 30.029950 0.605497 0.605497 0.605497
5100 30.029950 30.029950 30.029950 0.605497 0.605497 0.605497
5110 30.029950 30.029950 30.029950 0.605497 0.605497 0.605497
5120 30.029950 30.029950 30.029950 0.605497 0.605497 0.605497
5130 30.029950 30.029950 30.029950 0.605497 0.605497 0.605497
5140 30.029950 30.029950 30.029950 0.605497 0.605497 0.605497
5150 30.029950 30.029950 30.029950 0.605497 0.605497 0.605497
5160 30.029950 30.029950 30.029950 0.605497 0.605497 0.605497
5170 30.029950 30.029950 30.029950 0.605497 0.605497 0.605497
5180 30.029950 30.029950 30.029950 0.605497 0.605497 0.605497
5190 30.029950 30.029950 30.029950 0.605497 0.605497 0.605497
5200 30.029950 30.029950 30.029950 0.605497 0.605497 0.605497
5210 30.029950 30.029950 30.029950 0.605497 0.605497 0.605497
5220 30.029950 30.029950 30.029950 0.605497 0.605497 0.605497
5230 30.029950 30.029950 30.029950 0.605497 0.605497 0.605497
5240 30.029950 30.029950 30.029950 0.605497 0.605497 0.605497
5250 30.029950 30.029950 30.029950 0.605497 0.605497 0.605497
5260 30.029950 30.029950 30.029950 0.605497 0.605497 0.605497
5270 30.029950 30.029950 30.029950 0.605497 0.605497 0.605497
5280 30.029950 30.029950 30.029950 0.605497 0.605497 0.605497
5290 30.029950 30.029950 30.029950 0.605497 0.605497 0.605497
5300 30.029950 30.029950 30.029950 0.605497 0.605497 0.605497
5310 30.029950 30.029950 30.029950 0.605497 0.605497 0.605497
5320 30.029950 30.029950 30.029950 0.605497 0.605497 0.605497
5330 30.029950 30.029950 30.029950 0.605497 0.605497 0.605497
5340 30.029950 30.029950 30.029950 0.605497 0.605497 0.605497
5350 30.029950 30.029950 30.029950 0.605497 0.605497 0.605497
5360 30.029950 30.029950 30.029950 0.605497 0.605497 0.605497
5370 30.029950 30.029950 30.029950 0.605497 0.605497 0.605497
5380 30.029950 30.029950 30.029950 0.605497 0.605497 0.605497
5390 30.029950 30.029950 30.029950 0.605497 0.605497 0.605497
5400 30.029950 30.029950 30.029950 0.605497 0.605497 0.605497
5410 30.029950 30.029950 30.029950 0.605497 0.605497 0.605497
5420 30.029950 30.029950 30.029950 0.605497 0.605497 0.605497
5430 30.029950 30.029950 30.029950 0.605497 0.605497 0.605497
5440 30.029950 30.029950 30.029950 0.605497 0.605497 0.605497
5450 30.029950 30.029950 30.029950 0.605497 0.605497 0.605497
5460 30.029950 30.029950 30.029950 0.605497 0.605497 0.605497
5470 30.029950 30.029950 30.029950 0.605497 0.605497 0.605497
5480 30.029950 30.029950 30.029950 0.605497 0.605497 0.605497
5490 30.029950 30.029950 30.029950 0.605497 0.605497 0.605497
5500 30.029950 30.029950 30.029950 0.605497 0.605497 0.605497
5510 30.029950 30.029950 30.029950 0.605497 0.605497 0.605497
5520 30.029950 30.029950 30.029950 0.605497 0.605497 0.605497
5530 30.029950 30.029950 30.029950 0.605497 0.605497 0.605497
5540 30.029950 30.029950 30.029950 0.605497 0.605497 0.605497
5550 30.029950 30.029950 30.029950 0.605497 0.605497 0.605497
5560 30.029950 30.029950 30.029950 0.605497 0.605497 0.605497
5570 30.029950 30.029950 30.029950 0.605497 0.605497 0.605497
5580 30.029950 30.029950 30.029950 0.605497 0.605497 0.605497
5590 30.029950 30.029950 30.029950 0.605497 0.605497 0.605497
5600 30.029950 30.029950 30.029950 0.605497 0.605497 0.605497
5610 30.029950 30.029950 30.029950 0.605497 0.605497 0.605497
5620 30.029950 30.029950 30.029950 0.605497 0.605497 0.605497
5630 30.029950 30.029950 30.029950 0.605497 0.605497 0.605497
5640 30.029950 30.029950 30.029950 0.605497 0.605497 0.605497
5650 30.029950 30.029950 30.029950 0.605497 0.605497 0.605497
5660 30.029950 30.029950 30.029950 0.605497 0.605497 0.605497
5670 30.029950 30.029950 30.029950 0.605497 0.605497 0.605497
5680 30.029950 30.029950 30.029950 0.605497 0.605497 0.605497
5690 30.029950 30.029950 30.029950 0.605497 0.605497 0.605497
5700 30.029950 30.029950 30.029950 0.605497 0.605497 0.605497
5710 30.029950 30.029950 30.029950 0.605497 0.605497 0.605497
5720 30.029950 30.029950 30.029950 0.605497 0.605497 0.605497
5730 30.029950 30.029950 30.029950 0.605497 0.605497 0.605497
5740 30.029950 30.029950 30.029950 0.605497 0.605497 0.605497
5750 30.029950 30.029950 30.029950 0.605497 0.605497 0.605497
5760 30.029950 30.029950 30.029950 0.605497 0.605497 0.605497
5770 30.029950 30.029950 30.029950 0.605497 0.605497 0.605497
5780 30.029950 30.029950 30.029950 0.605497 0.605497 0.605497
5790 30.029950 30.029950 30.029950 0.605497 0.605497 0.605497
5800 30.029950 30.029950 30.029950 0.605497 0.605497 0.605497
5810 30.029950 30.029950 30.029950 0.605497 0.605497 0.605497
5820 30.029950 30.029950 30.029950 0.605497 0.605497 0.605497
5830 30.029950 30.029950 30.029950 0.605497 0.605497 0.605497
5840 30.029950 30.029950 30.029950 0.605497 0.605497 0.605497
5850 30.029950 30.029950 30.029950 0.605497 0.605497 0.605497
5860 30.029950 30.029950 30.029950 0.605497 0.605497 0.605497
5870 30.029950 30.029950 30.029950 0.605497 0.605497 0.605497
5880 30.029950 30.029950 30.029950 0.605497 0.605497 0.605497
5890 30.029950 30.029950 30.029950 0.605497 0.605497 0.605497
5900 30.029950 30.029950 30.029950 0.605497 0.605497 0.605497
5910 30.029950 30.029950 30.029950 0.605497 0.605497 0.605497
5920 30.029950 30.029950 30.029950 0.605497 0.605497 0.605497
5930 30.029950 30.029950 30.029950 0.605497 0.605497 0.605497
5940 30.029950 30.029950 30.029950 0.605497 0.605497 0.605497
5950 30.029950 30.029950 30.029950 0.605497 0.605497 0.605497
5960 30.029950 30.029950 30.029950 0.605497 0.605497 0.605497
5970 30.029950 30.029950 30.029950 0.605497 0.605497 0.605497
5980 30.029950 30.029950 30.029950 0.605497 0.605497 0.605497
5990 30.029950 30.029950 30.029950 0.605497 0.605497 0.605497
6000 30.029950 30.029950 30.029950 0.605497 0.605497 0.605497
6010 30.029950 30.029950 30.029950 0.605497 0.605497 0.605497
6020 30.029950 30.029950 30.029950 0.605497 0.605497 0.605497
6030 30.029950 30.029950 30.029950 0.605497 0.605497 0.605497
6040 30.029950 30.029950 30.029950 0.605497 0.605497 0.605497
6050 30.029950 30.029950 30.029950 0.605497 0.605497 0.605497
6060 30.029950 30.029950 30.029950 0.605497 0.605497 0.605497
6070 30.029950 30.029950 30.029950 0.605497 0.605497 0.605497
6080 30.029950 30.029950 30.029950 0.605497 0.605497 0.605497
6090 30.029950 30.029950 30.029950 0.605497 0.605497 0.605497
6100 30.029950 30.029950 30.029950 0.605497 0.605497 0.605497
6110 30.029950 30.029950 30.029950 0.605497 0.605497 0.605497
6120 30.029950 30.029950 30.029950 0.605497 0.605497 0.605497
6130 30.029950 30.029950 30.029950 0.605497 0.605497 0.605497
6140 30.029950 30.029950 30.029950 0.605497 0.605497 0.605497
6150 30.029950 30.029950 30.029950 0.605497 0.605497 0.605497
6160 30.029950 30.029950 30.029950 0.605497 0.605497 0.605497
6170 30.029950 30.029950 30.029950 0.605497 0.605497 0.605497
6180 30.029950 30.029950 30.029950 0.605497 0.605497 0.605497
6190 30.029950 30.029950 30.029950 0.605497 0.605497 0.605497
6200 30.029950 30.029950 30.029950 0.605497 0.605497 0.605497
6210 30.029950 30.029950 30.029950 0.605497 0.605497 0.605497
6220 30.029950 30.029950 30.029950 0.605497 0.605497 0.605497
6230 30.029950 30.029950 30.029950 0.605497 0.605497 0.605497
6240 30.029950 30.029950 30.029950 0.605497 0.605497 0.605497
6250 30.029950 30.029950 30.029950 0.605497 0.605497 0.605497
6260 30.029950 30.029950 30.029950 0.605497 0.605497 0.605497
6270 30.029950 30.029950 30.029950 0.605497 0.605497 0.605497
6280 30.029950 30.029950 30.029950 0.605497 0.605497 0.605497
6290 30.029950 30.029950 30.029950 0.605497 0.605497 0.605497
6300 30.029950 30.029950 30.029950 0.605497 0.605497 0.605497
6310 30.029950 30.029950 30.029950 0.605497 0.605497 0.605497
6320 30.029950 30.029950 30.029950 0.605497 0.605497 0.605497
6330 30.029950 30.029950 30.029950 0.605497 0.605497 0.605497
6340 30.029950 30.029950 30.029950 0.605497 0.605497 0.605497
6350 30.029950 30.029950 30.029950 0.605497 0.605497 0.605497
6360 30.029950 30.029950 30.029950 0.605497 0.605497 0.605497
6370 30.029950 30.029950 30.029950 0.605497 0.605497 0.605497
6380 30.029950 30.029950 30.029950 0.605497 0.605497 0.605497
6390 30.029950 30.029950 30.029950 0.605497 0.605497 0.605497
6400 30.029950 30.029950 30.029950 0.605497 0.605497 0.605497
6410 30.029950 30.029950 30.029950 0.605497 0.605497 0.605497
6420 30.029950 30.029950 30.029950 0.605497 0.605497 0.605497
6430 30.029950 30.029950 30.029950 0.605497 0.605497 0.605497
6440 30.029950 30.029950 30.029950 0.605497 0.605497 0.605497
6450 30.029950 30.029950 30.029950 0.605497 0.605497 0.605497
6460 30.029950 30.029950 30.029950 0.605497 0.605497 0.605497
6470 30.029950 30.029950 30.029950 0.605497 0.605497 0.605497
6480 30.029950 30.029950 30.029950 0.605497 0.605497 0.605497
6490 30.029950 30.029950 30.029950 0.605497 0.605497 0.605497
6500 30.029950 30.029950 30.029950 0.605497 0.605497 0.605497
6510 30.029950 30.029950 30.029950 0.605497 0.605497 0.605497
6520 30.029950 30.029950 30.029950 0.605497 0.605497 0.605497
6530 30.029950 30.029950 30.029950 0.605497 0.605497 0.605497
6540 30.029950 30.029950 30.029950 0.605497 0.605497 0.605497
6550 30.029950 30.029950 30.029950 0.605497 0.605497 0.605497
6560 30.029950 30.029950 30.029950 0.605497 0.605497 0.605497
6570 30.029950 30.029950 30.029950 0.605497 0.605497 0.605497
6580 30.029950 30.029950 30.029950 0.605497 0.605497 0.605497
6590 30.029950 30.029950 30.029950 0.605497 0.605497 0.605497
6600 30.029950 30.029950 30.029950 0.605497 0.605497 0.605497
6610 30.029950 30.029950 30.029950 0.605497 0.605497 0.605497
6620 30.029950 30.029950 30.029950 0.605497 0.605497 0.605497
6630 30.029950 30.029950 30.029950 0.605497 0.605497 0.605497
6640 30.029950 30.029950 30.029950 0.605497 0.605497 0.605497
6650 30.029950 30.029950 30.029950 0.605497 0.605497 0.605497
6660 30.029950 30.029950 30.029950 0.605497 0.605497 0.605497
6670 30.029950 30.029950 30.029950 0.605497 0.605497 0.605497
6680 30.029950 30.029950 30.029950 0.605497 0.605497 0.605497
6690 30.029950 30.029950 30.029950 0.605497 0.605497 0.605497
6700 30.029950 30.029950 30.029950 0.605497 0.605497 0.605497
6710 30.029950 30.029950 30.029950 0.605497 0.605497 0.605497
6720 30.029950 30.029950 30.029950 0.605497 0.605497 0.605497
6730 30.029950 30.029950 30.029950 0.605497 0.605497 0.605497
6740 30.029950 30.029950 30.029950 0.605497 0.605497 0.605497
6750 30.029950 30.029950 30.029950 0.605497 0.605497 0.605497
6760 30.029950 30.029950 30.029950 0.605497 0.605497 0.605497
6770 30.029950 30.029950 30.029950 0.605497 0.605497 0.605497
6780 30.029950 30.029950 30.029950 0.605497 0.605497 0.605497
6790 30.029950 30.029950 30.029950 0.605497 0.605497 0.605497
6800 30.029950 30.029950 30.029950 0.605497 0.605497 0.605497
6810 30.029950 30.029950 30.029950 0.605497 0.605497 0.605497
6820 30.029950 30.029950 30.029950 0.605497 0.605497 0.605497
6830 30.029950 30.029950 30.029950 0.605497 0.605497 0.605497
6840 30.029950 30.029950 30.029950 0.605497 0.605497 0.605497
6850 30.029950 30.029950 30.029950 0.605497 0.605497 0.605497
6860 30.029950 30.029950 30.029950 0.605497 0.605497 0.605497
6870 30.029950 30.029950 30.029950 0.605497 0.605497 0.605497
6880 30.029950 30.029950 30.029950 0.605497 0.605497 0.605497
6890 30.029950 30.029950 30.029950 0.605497 0.605497 0.605497
6900 30.029950 30.029950 30.029950 0.605497 0.605497 0.605497
6910 30.029950 30.029950 30.029950 0.605497 0.605497 0.605497
6920 30.029950 30.029950 30.029950 0.605497 0.605497 0.605497
6930 30.029950 30.029950 30.029950 0.605497 0.605497 0.605497
6940 30.029950 30.029950 30.029950 0.605497 0.605497 0.605497
6950 30.029950 30.029950 30.029950 0.605497 0.605497 0.605497
6960 30.029950 30.029950 30.029950 0.605497 0.605497 0.605497
6970 30.029950 30.029950 30.029950 0.605497 0.605497 0.605497
6980 30.029950 30.029950 30.029950 0.605497 0.605497 0.605497
6990 30.029950 30.029950 30.029950 0.605497 0.605497 0.605497
7000 30.029950 30.029950 30.029950 0.605497 0.605497 0.605497
7010 30.029950 30.029950 30.029950 0.605497 0.605497 0.605497
7020 30.029950 30.029950 30.029950 0.605497 0.605497 0.605497
7030 30.029950 30.029950 30.029950 0.605497 0.605497 0.605497
7040 30.029950 30.029950 30.029950 0.605497 0.605497 0.605497
7050 30.029950 30.029950 30.029950 0.605497 0.605497 0.605497
7060 30.029950 30.029950 30.029950 0.605497 0.605497 0.605497
7070 30.029950 30.029950 30.029950 0.605497 0.605497 0.605497
7080 30.029950 30.029950 30.029950 0.605497 0.605497 0.605497
7090 30.029950 30.029950 30.029950 0.605497 0.605497 0.605497
7100 30.029950 30.029950 30.029950 0.605497 0.605497 0.605497
7110 30.029950 30.029950 30.029950 0.605497 0.605497 0.605497
7120 30.029950 30.029950 30.029950 0.605497 0.605497 0.605497
7130 30.029950 30.029950 30.029950 0.605497 0.605497 0.605497
7140 30.029950 30.029950 30.029950 0.605497 0.605497 0.605497
7150 30.029950 30.029950 30.029950 0.605497 0.605497 0.605497
7160 30.029950 30.029950 30.029950 0.605497 0.605497 0.605497
7170 30.029950 30.029950 30.029950 0.605497 0.605497 0.605497
7180 30.029950 30.029950 30.029950 0.605497 0.605497 0.605497
7190 30.029950 30.029950 30.029950 0.605497 0.605497 0.605497
7200 30.029950 30.029950 30.029950 0.605497 0.605497 0.605497
7210 30.029950 30.029950 30.029950 0.605497 0.605497 0.605497
7220 30.029950 30.029950 30.029950 0.605497 0.605497 0.605497
7230 30.029950 30.029950 30.029950 0.605497 0.605497 0.605497
7240 30.029950 30.029950 30.029950 0.605497 0.605497 0.605497
7250 30.029950 30.029950 30.029950 0.605497 0.605497 0.605497
7260 30.029950 30.029950 30.029950 0.605497 0.605497 0.605497
7270 30.029950 30.029950 30.029950 0.605497 0.605497 0.605497
7280 30.029950 30.029950 30.029950 0.605497 0.605497 0.605497
7290 30.029950 30.029950 30.029950 0.605497 0.605497 0.605497
7300 30.029950 30.029950 30.029950 0.605497 0.605497 0.605497
7310 30.029950 30.029950 30.029950 0.605497 0.605497 0.605497
7320 30.029950 30.029950 30.029950 0.605497 0.605497 0.605497
7330 30.029950 30.029950 30.029950 0.605497 0.605497 0.605497
7340 30.029950 30.029950 30.029950 0.605497 0.605497 0.605497
7350 30.029950 30.029950 30.029950 0.605497 0.605497 0.605497
7360 30.029950 30.029950 30.029950 0.605497 0.605497 0.605497
7370 30.029950 30.029950 30.029950 0.605497 0.605497 0.605497
7380 30.029950 30.029950 30.029950 0.605497 0.605497 0.605497
7390 30.029950 30.029950 30.029950 0.605497 0.605497 0.605497
7400 30.029950 30.029950 30.029950 0.605497 0.605497 0.605497
7410 30.029950 30.029950 30.029950 0.605497 0.605497 0.605497
7420 30.029950 30.029950 30.029950 0.605497 0.605497 0.605497
7430 30.029950 30.029950 30.029950 0.605497 0.605497 0.605497
7440 30.029950 30.029950 30.029950 0.605497 0.605497 0.605497
7450 30.029950 30.029950 30.029950 0.605497 0.605497 0.605497
7460 30.029950 30.029950 30.029950 0.605497 0.605497 0.605497
7470 30.029950 30.029950 30.029950 0.605497 0.605497 0.605497
7480 30.029950 30.029950 30.029950 0.605497 0.605497 0.605497
7490 30.029950 30.029950 30.029950 0.605497 0.605497 0.605497
7500 30.029950 30.029950 30.029950 0.605497 0.605497 0.605497
7510 30.029950 30.029950 30.029950 0.605497 0.605497 0.605497
7520 30.029950 30.029950 30.029950 0.605497 0.605497 0.605497
7530 30.029950 30.029950 30.029950 0.605497 0.605497 0.605497
7540 30.029950 30.029950 30.029950 0.605497 0.605497 0.605497
7550 30.029950 30.029950 30.029950 0.605497 0.605497 0.605497
7560 30.029950 30.029950 30.029950 0.605497 0.605497 0.605497
7570 30.029950 30.029950 30.029950 0.605497 0.605497 0.605497
7580 30.029950 30.029950 30.029950 0.605497 0.605497 0.605497
7590 30.029950 30.029950 30.029950 0.605497 0.605497 0.605497
7600 30.029950 30.029950 30.029950 0.605497 0.605497 0.605497
7610 30.029950 30.029950 30.029950 0.605497 0.605497 0.605497
7620 30.029950 30.029950 30.029950 0.605497 0.605497 0.605497
7630 30.029950 30.029950 30.029950 0.605497 0.605497 0.605497
7640 30.029950 30.029950 30.029950 0.605497 0.605497 0.605497
7650 30.029950 30.029950 30.029950 0.605497 0.605497 0.605497
7660 30.029950 30.029950 30.029950 0.605497 0.605497 0.605497
7670 30.029950 30.029950 30.029950 0.605497 0.605497 0.605497
7680 30.029950 30.029950 30.029950 0.605497 0.605497 0.605497
7690 30.029950 30.029950 30.029950 0.605497 0.605497 0.605497
7700 30.029950 30.029950 30.029950 0.605497 0.605497 0.605497
7710 30.029950 30.029950 30.029950 0.605497 0.605497 0.605497
7720 30.029950 30.029950 30.029950 0.605497 0.605497 0.605497
7730 30.029950 30.029950 30.029950 0.605497 0.605497 0.605497
7740 30.029950 30.029950 30.029950 0.605497 0.605497 0.605497
7750 30.029950 30.029950 30.029950 0.605497 0.605497 0.605497
7760 30.029950 30.029950 30.029950 0.605497 0.605497 0.605497
7770 30.029950 30.029950 30.029950 0.605497 0.605497 0.605497
7780 30.029950 30.029950 30.029950 0.605497 0.605497 0.605497
7790 30.029950 30.029950 30.029950 0.605497 0.605497 0.605497
7800 30.029950 30.029950 30.029950 0.605497 0.605497 0.605497
7810 30.029950 30.029950 30.029950 0.605497 0.605497 0.605497
7820 30.029950 30.029950 30.029950 0.605497 0.605497 0.605497
7830 30.029950 30.029950 30.029950 0.605497 0.605497 0.605497
7840 30.029950 30.029950 30.029950 0.605497 0.605497 0.605497
7850 30.029950 30.029950 30.029950 0.605497 0.605497 0.605497
7860 30.029950 30.029950 30.029950 0.605497 0.605497 0.605497
7870 30.029950 30.029950 30.029950 0.605497 0.605497 0.605497
7880 30.029950 30.029950 30.029950 0.605497 0.605497 0.605497
7890 30.029950 30.029950 30.029950 0.605497 0.605497 0.605497
7900 30.029950 30.029950 30.029950 0.605497 0.605497 0.605497
7910 30.029950 30.029950 30.029950 0.605497 0.605497 0.605497
7920 30.029950 30.029950 30.029950 0.605497 0.605497 0.605497
7930 30.029950 30.029950 30.029950 0.605497 0.605497 0.605497
7940 30.029950 30.029950 30.029950 0.605497 0.605497 0.605497
7950 30.029950 30.029950 30.029950 0.605497 0.605497 0.605497
7960 30.029950 30.029950 30.029950 0.605497 0.605497 0.605497
7970 30.029950 30.029950 30.029950 0.605497 0.605497 0.605497
7980 30.029950 30.029950 30.029950 0.605497 0.605497 0.605497
7990 30.029950 30.029950 30.029950 0.605497 0.605497 0.605497
8000 30.029950 30.029950 30.029950 0.605497 0.605497 0.605497
8010 30.029950 30.029950 30.029950 0.605497 0.605497 0.605497
8020 30.029950 30.029950 30.029950 0.605497 0.605497 0.605497
8030 30.029950 30.029950 30.029950 0.605497 0.605497 0.605497
8040 30.029950 30.029950 30.029950 0.605497 0.605497 0.605497
8050 30.029950 30.029950 30.029950 0.605497 0.605497 0.605497
8060 30.029950 30.029950 30.029950 0.605497 0.605497 0.605497
8070 30.029950 30.029950 30.029950 0.605497 0.605497 0.605497
8080 30.029950 30.029950 30.029950 0.605497 0.605497 0.605497
8090 30.029950 30.029950 30.029950 0.605497 0.605497 0.605497
8100 30.029950 30.029950 30.029950 0.605497 0.605497 0.605497
8110 30.029950 30.029950 30.029950 0.605497 0.605497 0.605497
8120 30.029950 30.029950 30.029950 0.605497 0.605497 0.605497
8130 30.029950 30.029950 30.029950 0.605497 0.605497 0.605497
8140 30.029950 30.029950 30.029950 0.605497 0.605497 0.605497
8150 30.029950 30.029950 30.029950 0.605497 0.605497 0.605497
8160 30.029950 30.029950 30.029950 0.605497 0.605497 0.605497
8170 30.029950 30.029950 30.029950 0.605497 0.605497 0.605497
8180 30.029950 30.029950 30.029950 0.605497 0.605497 0.605497
8190 30.029950 30.029950 30.029950 0.605497 0.605497 0.605497
8200 30.029950 30.029950 30.029950 0.605497 0.605497 0.605497
8210 30.029950 30.029950 30.029950 0.605497 0.605497 0.605497
8220 30.029950 30.029950 30.029950 0.605497 0.605497 0.605497
8230 30.029950 30.029950 30.029950 0.605497 0.605497 0.605497
8240 30.029950 30.029950 30.029950 0.605497 0.605497 0.605497
8250 30.029950 30.029950 30.029950 0.605497 0.605497 0.605497
8260 30.029950 30.029950 30.029950 0.605497 0.605497 0.605497
8270 30.029950 30.029950 30.029950 0.605497 0.605497 0.605497
8280 30.029950 30.029950 30.029950 0.605497 0.605497 0.605497
8290 30.029950 30.029950 30.029950 0.605497 0.605497 0.605497
8300 30.029950 30.029950 30.029950 0.605497 0.605497 0.605497
8310 30.029950 30.029950 30.029950 0.605497 0.605497 0.605497
8320 30.029950 30.029950 30.029950 0.605497 0.605497 0.605497
8330 30.029950 30.029950 30.029950 0.605497 0.605497 0.605497
8340 30.029950 30.029950 30.029950 0.605497 0.605497 0.605497
8350 30.029950 30.029950 30.029950 0.605497 0.605497 0.605497
8360 30.029950 30.029950 30.029950 0.605497 0.605497 0.605497
8370 30.029950 30.029950 30.029950 0.605497 0.605497 0.605497
8380 30.029950 30.029950 30.029950 0.605497 0.605497 0.605497
8390 30.029950 30.029950 30.029950 0.605497 0.605497 0.605497
8400 30.029950 30.029950 30.029950 0.605497 0.605497 0.605497
8410 30.029950 30.029950 30.029950 0.605497 0.605497 0.605497
8420 30.029950 30.029950 30.029950 0.605497 0.605497 0.605497
8430 30.029950 30.029950 30.029950 0.605497 0.605497 0.605497
8440 30.029950 30.029950 30.029950 0.605497 0.605497 0.605497
8450 30.029950 30.029950 30.029950 0.605497 0.605497 0.605497
8460 30.029950 30.029950 30.029950 0.605497 0.605497 0.605497
8470 30.029950 30.029950 30.029950 0.605497 0.605497 0.605497
8480 30.029950 30.029950 30.029950 0.605497 0.605497 0.605497
8490 30.029950 30.029950 30.029950 0.605497 0.605497 0.605497
8500 30.029950 30.029950 30.029950 0.605497 0.605497 0.605497
8510 30.029950 30.029950 30.029950 0.605497 0.605497 0.605497
8520 30.029950 30.029950 30.029950 0.605497 0.605497 0.605497
8530 30.029950 30.029950 30.029950 0.605497 0.605497 0.605497
8540 30.029950 30.029950 30.029950 0.605497 0.605497 0.605497
8550 30.029950 30.029950 30.029950 0.605497 0.605497 0.605497
8560 30.029950 30.029950 30.029950 0.605497 0.605497 0.605497
8570 30.029950 30.029950 30.029950 0.605497 0.605497 0.605497
8580 30.029950 30.029950 30.029950 0.605497 0.605497 0.605497
8590 30.029950 30.029950 30.029950 0.605497 0.605497 0.605497
8600 30.029950 30.029950 30.029950 0.605497 0.605497 0.605497
8610 30.029950 30.029950 30.029950 0.605497 0.605497 0.605497
8620 30.029950 30.029950 30.029950 0.605497 0.605497 0.605497
8630 30.029950 30.029950 30.029950 0.605497 0.605497 0.605497
8640 30.029950 30.029950 30.029950 0.605497 0.605497 0.605497
8650 30.029950 30.029950 30.029950 0.605497 0.605497 0.605497
8660 30.029950 30.029950 30.029950 0.605497 0.605497 0.605497
8670 30.029950 30.029950 30.029950 0.605497 0.605497 0.605497
8680 30.029950 30.029950 30.029950 0.605497 0.605497 0.605497
8690 30.029950 30.029950 30.029950 0.605497 0.605497 0.605497
8700 30.029950 30.029950 30.029950 0.605497 0.605497 0.605497
8710 30.029950 30.029950 30.029950 0.605497 0.605497 0.605497
8720 30.029950 30.029950 30.029950 0.605497 0.605497 0.605497
8730 30.029950 30.029950 30.029950 0.605497 0.605497 0.605497
8740 30.029950 30.029950 30.029950 0.605497 0.605497 0.605497
8750 30.029950 30.029950 30.029950 0.605497 0.605497 0.605497
8760 30.029950 30.029950 30.029950 0.605497 0.605497 0.605497
8770 30.029950 30.029950 30.029950 0.605497 0.605497 0.605497
8780 30.029950 30.029950 30.029950 0.605497 0.605497 0.605497
8790 30.029950 30.029950 30.029950 0.605497 0.605497 0.605497
8800 30.029950 30.029950 30.029950 0.605497 0.605497 0.605497
8810 30.029950 30.029950 30.029950 0.605497 0.605497 0.605497
8820 30.029950 30.029950 30.029950 0.605497 0.605497 0.605497
8830 30.029950 30.029950 30.029950 0.605497 0.605497 0.605497
8840 30.029950 30.029950 30.029950 0.605497 0.605497 0.605497
8850 30.029950 30.029950 30.029950 0.605497 0.605497 0.605497
8860 30.029950 30.029950 30.029950 0.605497 0.605497 0.605497
8870 30.029950 30.029950 30.029950 0.605497 0.605497 0.605497
8880 30.029950 30.029950 30.029950 0.605497 0.605497 0.605497
8890 30.029950 30.029950 30.029950 0.605497 0.605497 0.605497
8900 30.029950 30.029950 30.029950 0.605497 0.605497 0.605497
8910 30.029950 30.029950 30.029950 0.605497 0.605497 0.605497
8920 30.029950 30.029950 30.029950 0.605497 0.605497 0.605497
8930 30.029950 30.029950 30.029950 0.605497 0.605497 0.605497
8940 30.029950 30.029950 30.029950 0.605497 0.605497 0.605497
8950 30.029950 30.029950 30.029950 0.605497 0.605497 0.605497
8960 30.029950 30.029950 30.029950 0.605497 0.605497 0.605497
8970 30.029950 30.029950 30.029950 0.605497 0.605497 0.605497
8980 30.029950 30.029950 30.029950 0.605497 0.605497 0.605497
8990 30.029950 30.029950 30.029950 0.605497 0.605497 0.605497
9000 30.029950 30.029950 30.029950 0.605497 0.605497 0.605497
9010 30.029950 30.029950 30.029950 0.605497 0.605497 0.605497
9020 30.029950 30.029950 30.029950 0.605497 0.605497 0.605497
9030 30.029950 30.029950 30.029950 0.605497 0.605497 0.605497
9040 30.029950 30.029950 30.029950 0.605497 0.605497 0.605497
9050 30.029950 30.029950 30.029950 0.605497 0.605497 0.605497
9060 30.029950 30.029950 30.029950 0.605497 0.605497 0.605497
9070 30.029950 30.029950 30.029950 0.605497 0.605497 0.605497
9080 30.029950 30.029950 30.029950 0.605497 0.605497 0.605497
9090 30.029950 30.029950 30.029950 0.605497 0.605497 0.605497
9100 30.029950 30.029950 30.029950 0.605497 0.605497 0.605497
9110 30.029950 30.029950 30.029950 0.605497 0.605497 0.605497
9120 30.029950 30.029950 30.029950 0.605497 0.605497 0.605497
9130 30.029950 30.029950 30.029950 0.605497 0.605497 0.605497
9140 30.029950 30.029950 30.029950 0.605497 0.605497 0.605497
9150 30.029950 30.029950 30.029950 0.605497 0.605497 0.605497
9160 30.029950 30.029950 30.029950 0.605497 0.605497 0.605497
9170 30.029950 30.029950 30.029950 0.605497 0.605497 0.605497
9180 30.029950 30.029950 30.029950 0.605497 0.605497 0.605497
9190 30.029950 30.029950 30.029950 0.605497 0.605497 0.605497
9200 30.029950 30.029950 30.029950 0.605497 0.605497 0.605497
9210 30.029950 30.029950 30.029950 0.605497 0.605497 0.605497
9220 30.029950 30.029950 30.029950 0.605497 0.605497 0.605497
9230 30.029950 30.029950 30.029950 0.605497 0.605497 0.605497
9240 30.029950 30.029950 30.029950 0.605497 0.605497 0.605497
9250 30.029950 30.029950 30.029950 0.605497 0.605497 0.605497
9260 30.029950 30.029950 30.029950 0.605497 0.605497 0.605497
9270 30.029950 30.029950 30.029950 0.605497 0.605497 0.605497
9280 30.029950 30.029950 30.029950 0.605497 0.605497 0.605497
9290 30.029950 30.029950 30.029950 0.605497 0.605497 0.605497
9300 30.029950 30.029950 30.029950 0.605497 0.605497 0.605497
9310 30.029950 30.029950 30.029950 0.605497 0.605497 0.605497
9320 30.029950 30.029950 30.029950 0.605497 0.605497 0.605497
9330 30.029950 30.029950 30.029950 0.605497 0.605497 0.605497
9340 30.029950 30.029950 30.029950 0.605497 0.605497 0.605497
9350 30.029950 30.029950 30.029950 0.605497 0.605497 0.605497
9360 30.029950 30.029950 30.029950 0.605497 0.605497 0.605497
9370 30.029950 30.029950 30.029950 0.605497 0.605497 0.605497
9380 30.029950 30.029950 30.029950 0.605497 0.605497 0.605497
9390 30.029950 30.029950 30.029950 0.605497 0.605497 0.605497
9400 30.029950 30.029950 30.029950 0.605497 0.605497 0.605497
9410 30.029950 30.029950 30.029950 0.605497 0.605497 0.605497
9420 30.029950 30.029950 30.029950 0.605497 0.605497 0.605497
9430 30.029950 30.029950 30.029950 0.605497 0.605497 0.605497
9440 30.029950 30.029950 30.029950 0.605497 0.605497 0.605497
9450 30.029950 30.029950 30.029950 0.605497 0.605497 0.605497
9460 30.029950 30.029950 30.029950 0.605497 0.605497 0.605497
9470 30.029950 30.029950 30.029950 0.605497 0.605497 0.605497
9480 30.029950 30.029950 30.029950 0.605497 0.605497 0.605497
9490 30.029950 30.029950 30.029950 0.605497 0.605497 0.605497
9500 30.029950 30.029950 30.029950 0.605497 0.605497 0.605497
9510 30.029950 30.029950 30.029950 0.605497 0.605497 0.605497
9520 30.029950 30.029950 30.029950 0.605497 0.605497 0.605497
9530 30.029950 30.029950 30.029950 0.605497 0.605497 0.605497
9540 30.029950 30.029950 30.029950 0.605497 0.605497 0.605497
9550 30.029950 30.029950 30.029950 0.605497 0.605497 0.605497
9560 30.029950 30.029950 30.029950 0.605497 0.605497 0.605497
9570 30.029950 30.029950 30.029950 0.605497 0.605497 0.605497
9580 30.029950 30.029950 30.029950 0.605497 0.605497 0.605497
9590 30.029950 30.029950 30.029950 0.605497 0.605497 0.605497
9600 30.029950 30.029950 30.029950 0.605497 0.605497 0.605497
9610 30.029950 30.029950 30.029950 0.605497 0.605497 0.605497
9620 30.029950 30.029950 30.029950 0.605497 0.605497 0.605497
9630 30.029950 30.029950 30.029950 0.605497 0.605497 0.605497
9640 30.029950 30.029950 30.029950 0.605497 0.605497 0.605497
9650 30.029950 30.029950 30.029950 0.605497 0.605497 0.605497
9660 30.029950 30.029950 30.029950 0.605497 0.605497 0.605497
9670 30.029950 30.029950 30.029950 0.605497 0.605497 0.605497
9680 30.029950 30.029950 30.029950 0.605497 0.605497 0.605497
9690 30.029950 30.029950 30.029950 0.605497 0.605497 0.605497
9700 30.029950 30.029950 30.029950 0.605497 0.605497 0.605497
9710 30.029950 30.029950 30.029950 0.605497 0.605497 0.605497
9720 30.029950 30.029950 30.029950 0.605497 0.605497 0.605497
9730 30.029950 30.029950 30.029950 0.605497 0.605497 0.605497
9740 30.029950 30.029950 30.029950 0.605497 0.605497 0.605497
9750 30.029950 30.029950 30.029950 0.605497 0.605497 0.605497
9760 30.029950 30.029950 30.029950 0.605497 0.605497 0.605497
9770 30.029950 30.029950 30.029950 0.605497 0.605497 0.605497
9780 30.029950 30.029950 30.029950 0.605497 0.605497 0.605497
9790 30.029950 30.029950 30.029950 0.605497 0.605497 0.605497
9800 30.029950 30.029950 30.029950 0.605497 0.605497 0.605497
9810 30.029950 30.029950 30.029950 0.605497 0.605497 0.605497
9820 30.029950 30.029950 30.029950 0.605497 0.605497 0.605497
9830 30.029950 30.029950 30.029950 0.605497 0.605497 0.605497
9840 30.029950 30.029950 30.029950 0.605497 0.605497 0.605497
9850 30.029950 30.029950 30.029950 0.605497 0.605497 0.605497
9860 30.029950 30.029950 30.029950 0.605497 0.605497 0.605497
9870 30.029950 30.029950 30.029950 0.605497 0.605497 0.605497
9880 30.029950 30.029950 30.029950 0.605497 0.605497 0.605497
9890 30.029950 30.029950 30.029950 0.605497 0.605497 0.605497
9900 30.029950 30.029950 30.029950 0.605497 0.605497 0.605497
9910 30.029950 30.029950 30.029950 0.605497 0.605497 0.605497
9920 30.029950 30.029950 30.029950 0.605497 0.605497 0.605497
9930 30.029950 30.029950 30.029950 0.605497 0.605497 0.605497
9940 30.029950 30.029950 30.029950 0.605497 0.605497 0.605497
9950 30.029950 30.029950 30.029950 0.605497 0.605497 0.605497
9960 30.029950 30.029950 30.029950 0.605497 0.605497 0.605497
9970 30.029950 30.029950 30.029950 0.605497 0.605497 0.605497
9980 30.029950 30.029950 30.029950 0.605497 0.605497 0.605497
9990 30.029950 30.029950 30.029950 0.605497 0.605497 0.605497
10000 30.029950 30.029950 30.029950 0.605497 0.605497 0.605497
