Workload Section Power Util CPU_Power Memory_Power Network_Power Offloading_Ratio CPU_Frequency_1 CPU_Frequency_0.5 CPU_Frequency_0.25 CPU_Frequency_0.125
0.05 Tovs 1.78 .05 .20 1.43 .15 .67 16.86 22.47 27.87 32.80 
0.05 Offloading 3.04 0 1.40 1.48 .16 .71 100.00 0 0 0 
0.05 DVFS 2.20 .15 .70 1.49 0 0 12.58 20.63 29.24 37.55 
0.05 Nothing 4.13 .03 2.41 1.72 0 0 100.00 0 0 0 
0.1 Tovs 2.41 .14 .46 1.46 .49 .72 15.45 22.61 27.67 34.27 
0.1 Offloading 4.13 .02 1.95 1.65 .52 .77 100.00 0 0 0 
0.1 DVFS 3.51 .48 1.91 1.59 0 0 9.43 18.34 30.12 42.11 
0.1 Nothing 6.99 .09 5.23 1.75 0 0 100.00 0 0 0 
0.15 Tovs 3.07 .24 .67 1.58 .82 .74 14.69 21.71 28.88 34.72 
0.15 Offloading 5.02 .03 2.35 1.75 .90 .80 100.00 0 0 0 
0.15 DVFS 4.71 .83 3.04 1.67 0 0 7.98 16.99 29.59 45.44 
0.15 Nothing 9.77 .15 8.04 1.73 0 0 100.00 0 0 0 
0.2 Tovs 3.68 .33 .84 1.64 1.19 .75 14.60 20.50 29.22 35.68 
0.2 Offloading 5.89 .03 2.73 1.84 1.30 .82 100.00 0 0 0 
0.2 DVFS 6.58 1.00 4.81 1.77 0 0 9.07 23.15 37.08 30.70 
0.2 Nothing 12.63 .22 10.92 1.71 0 0 100.00 0 0 0 
0.25 Tovs 4.33 .41 1.01 1.78 1.54 .76 14.39 20.97 27.39 37.25 
0.25 Offloading 6.66 .04 3.05 1.91 1.70 .83 100.00 0 0 0 
0.25 DVFS 9.03 .99 7.21 1.81 0 0 13.18 32.41 39.88 14.53 
0.25 Nothing 15.45 .28 13.74 1.71 0 0 100.00 0 0 0 
0.3 Tovs 4.94 .51 1.23 1.82 1.89 .76 14.28 20.05 28.70 36.97 
0.3 Offloading 7.57 .05 3.39 2.07 2.10 .84 100.00 0 0 0 
0.3 DVFS 12.21 .99 9.86 2.35 0 0 21.33 34.92 37.23 6.52 
0.3 Nothing 18.31 .34 16.58 1.72 0 0 100.00 0 0 0 
0.35 Tovs 5.55 .61 1.36 1.93 2.25 .77 13.11 19.17 28.74 38.98 
0.35 Offloading 8.57 .06 3.85 2.24 2.48 .84 100.00 0 0 0 
0.35 DVFS 15.40 .99 12.74 2.66 0 0 27.67 41.25 27.18 3.90 
0.35 Nothing 21.15 .41 19.42 1.72 0 0 100.00 0 0 0 
0.4 Tovs 6.14 .66 1.48 2.03 2.62 .78 13.40 19.85 29.14 37.61 
0.4 Offloading 9.27 .06 4.11 2.27 2.88 .85 100.00 0 0 0 
0.4 DVFS 18.64 .99 15.72 2.92 0 0 37.32 37.99 22.64 2.05 
0.4 Nothing 23.88 .47 22.18 1.70 0 0 100.00 0 0 0 
0.45 Tovs 6.74 .70 1.57 2.10 3.06 .79 14.60 19.95 28.63 36.82 
0.45 Offloading 10.04 .07 4.33 2.38 3.32 .86 100.00 0 0 0 
0.45 DVFS 22.14 .99 19.09 3.05 0 0 46.50 35.53 17.07 .90 
0.45 Nothing 26.90 .54 25.17 1.73 0 0 100.00 0 0 0 
0.5 Tovs 7.34 .72 1.67 2.22 3.44 .80 14.67 20.79 29.45 35.09 
0.5 Offloading 10.86 .08 4.75 2.43 3.67 .85 100.00 0 0 0 
0.5 DVFS 25.42 .99 22.21 3.20 0 0 54.84 31.70 12.91 .55 
0.5 Nothing 29.60 .59 27.85 1.75 0 0 100.00 0 0 0 
0.55 Tovs 8.19 .77 1.98 2.41 3.79 .80 16.09 21.34 29.91 32.66 
0.55 Offloading 11.70 .09 5.14 2.50 4.05 .85 100.00 0 0 0 
0.55 DVFS 28.76 .99 25.51 3.24 0 0 61.72 28.93 9.16 .19 
0.55 Nothing 32.41 .66 30.65 1.75 0 0 100.00 0 0 0 
0.6 Tovs 8.95 .79 2.14 2.61 4.18 .80 16.29 22.71 29.78 31.22 
0.6 Offloading 12.58 .09 5.47 2.65 4.46 .85 100.00 0 0 0 
0.6 DVFS 32.35 .99 28.99 3.35 0 0 69.43 24.28 6.17 .12 
0.6 Nothing 35.27 .72 33.55 1.71 0 0 100.00 0 0 0 
0.65 Tovs 9.45 .81 2.34 2.52 4.58 .81 17.73 22.57 29.60 30.10 
0.65 Offloading 13.50 .10 5.87 2.78 4.84 .85 100.00 0 0 0 
0.65 DVFS 35.76 .99 32.27 3.48 0 0 75.38 20.61 3.99 .02 
0.65 Nothing 38.02 .78 36.26 1.76 0 0 100.00 0 0 0 
0.7 Tovs 10.01 .85 2.57 2.46 4.97 .81 18.06 23.98 29.75 28.21 
0.7 Offloading 13.99 .11 6.12 2.59 5.26 .86 100.00 0 0 0 
0.7 DVFS 39.03 .99 35.52 3.50 0 0 80.61 17.15 2.23 .01 
0.7 Nothing 40.73 .85 39.10 1.63 0 0 100.00 0 0 0 
0.75 Tovs 10.87 .82 2.80 2.70 5.36 .82 18.67 24.93 29.81 26.59 
0.75 Offloading 14.83 .11 6.37 2.80 5.65 .86 100.00 0 0 0 
0.75 DVFS 42.98 .99 39.24 3.73 0 0 87.48 11.40 1.12 0 
0.75 Nothing 43.72 .91 41.90 1.82 0 0 100.00 0 0 0 
0.8 Tovs 11.99 .85 3.49 2.80 5.69 .81 22.32 25.54 29.12 23.02 
0.8 Offloading 15.71 .12 6.79 2.84 6.06 .86 100.00 0 0 0 
0.8 DVFS 46.88 .99 42.72 4.15 0 0 92.93 6.75 .32 0 
0.8 Nothing 46.73 .97 44.81 1.91 0 0 100.00 0 0 0 
0.85 Tovs 13.35 .87 4.37 3.00 5.96 .79 25.95 25.78 27.62 20.65 
0.85 Offloading 16.63 .13 7.26 2.94 6.42 .86 100.00 0 0 0 
0.85 DVFS 50.59 .99 45.93 4.66 0 0 97.77 2.21 .02 0 
0.85 Nothing 50.24 .99 46.72 3.52 0 0 100.00 0 0 0 
0.9 Tovs 15.29 .91 6.13 3.09 6.06 .77 29.73 26.55 26.00 17.72 
0.9 Offloading 17.12 .13 7.36 2.91 6.84 .86 100.00 0 0 0 
0.9 DVFS 54.45 1.00 48.01 6.43 0 0 99.78 .22 0 0 
0.9 Nothing 54.24 .99 48.09 6.14 0 0 100.00 0 0 0 
