673 99722 9 0.042900 4611 3901 1907 1
987 198695 16 0.096500 4384 1165 1355 1
814 214937 14 0.067100 5310 3564 1822 0
607 154899 16 0.031100 4941 3569 1303 0
559 76796 13 0.077700 5238 1730 1105 1
736 165115 13 0.182900 4575 2077 1975 1
557 116671 9 0.021300 4654 3205 1650 0
550 116385 12 0.117700 4409 987 1972 1
568 140236 14 0.169000 4879 2746 1073 0
900 220933 15 0.134700 4531 1067 1015 1
547 98490 15 0.141800 4321 2461 1618 0
754 162351 10 0.041500 4796 1590 1566 0
967 247077 12 0.037000 5079 3343 867 1
698 96036 14 0.125400 4455 2858 1389 0
882 167465 12 0.175700 4662 1019 1644 0
965 198955 12 0.051400 4213 3057 1963 1
991 213446 16 0.051000 5861 1921 1681 1
977 122937 11 0.070300 5836 1444 1448 1
569 66103 13 0.080600 4730 1995 1354 1
505 93890 8 0.058300 5502 1883 1856 1
655 152586 16 0.082100 4606 3693 933 0
701 88941 14 0.115400 5431 3177 960 1
804 164584 10 0.142000 5274 3588 1924 1
837 91089 13 0.140400 5235 3939 1079 0
603 97139 12 0.020400 5893 1958 1862 1
748 162191 17 0.077800 4565 3514 1354 0
552 139167 10 0.083000 4333 3545 1194 0
639 163914 9 0.089800 5107 2747 1760 0
546 155880 15 0.162000 4538 1795 1746 1
542 128185 11 0.040900 5811 2038 1668 0
656 99538 10 0.127400 4686 3972 1048 1
570 137140 15 0.115500 5795 3365 1636 0
770 128530 13 0.067300 5569 3938 996 1
531 83254 15 0.040500 4742 904 968 0
690 96561 15 0.113200 4707 2657 876 0
839 120458 11 0.044100 4806 3366 1091 1
759 173746 16 0.055200 4820 803 1178 1
690 167571 13 0.086400 5824 878 1293 1
533 98342 16 0.053600 5079 3626 1305 1
736 89998 17 0.094300 5046 3060 1493 0
517 92152 10 0.097900 4474 801 1325 0
936 228972 10 0.127200 4738 2466 1991 1
868 192551 15 0.127600 5161 3713 1668 1
888 206081 8 0.095600 4503 3456 1407 1
840 170535 12 0.096300 4073 1015 1448 0
696 197121 15 0.135400 4721 1116 1173 0
771 176719 9 0.167000 5134 2240 1709 0
763 202556 9 0.108900 4201 2214 1102 0
945 150495 11 0.110700 4544 1906 1558 1
938 200939 14 0.116700 5230 3038 1977 0
596 124667 16 0.121000 4223 2022 1161 1
678 106115 15 0.092600 4390 1650 1103 0
612 164940 12 0.127200 5845 3458 1812 0
676 167809 9 0.101500 4127 2216 1224 1
532 90283 16 0.097700 4476 2321 1016 0
897 107573 17 0.179700 5443 3872 880 0
695 179114 12 0.090200 4957 1444 1247 0
897 170281 16 0.097400 5259 920 867 1
570 150508 12 0.086200 4913 2596 1142 0
770 114285 11 0.132200 4985 3118 867 1
590 125479 14 0.144400 5959 3220 1170 1
939 249513 15 0.107000 5691 3927 1068 0
795 204189 12 0.097200 5124 3701 1093 1
804 95160 18 0.105700 5538 3064 967 0
926 171090 17 0.160200 4068 2476 1260 0
765 156013 17 0.110900 4812 3745 1671 1
600 95231 16 0.057000 4590 1378 1324 0
598 157716 13 0.078700 5238 3037 1496 0
561 71312 15 0.124600 5235 2078 1008 1
650 138761 16 0.085700 5299 2531 828 0
977 213352 15 0.029500 5958 950 1065 1
989 147892 16 0.087400 5320 3591 1764 0
718 130459 13 0.059700 5865 3948 985 1
945 113928 10 0.135800 5150 2867 1928 1
873 242436 18 0.066000 4269 2149 1677 1
787 122820 11 0.123900 4968 2560 1508 1
832 198498 12 0.065200 5722 3645 1293 1
786 140635 18 0.075500 5587 2306 1482 0
898 132769 10 0.125400 5125 2926 1847 0
691 155757 18 0.166100 5011 3170 1574 1
832 123058 13 0.119500 5064 3278 1059 0
851 138351 13 0.148200 4219 3115 1588 0
881 222608 9 0.093300 5367 3962 1050 1
811 89331 10 0.126000 4338 1509 1492 1
867 157717 14 0.057100 4643 3559 1209 1
817 227654 17 0.011000 4794 2701 1752 0
817 157417 14 0.050800 4560 1620 1047 0
697 129404 13 0.074300 4772 3991 1755 1
600 126081 13 0.144300 5581 1084 1728 0
921 237964 13 0.102500 4855 1375 1775 0
788 233706 14 0.091500 5349 3685 1218 1
726 173228 17 0.121400 5409 2674 1824 1
521 113121 14 0.125500 4276 1047 1915 1
722 137369 12 0.099000 5859 2091 1306 1
900 210722 12 0.113100 4301 3591 1391 0
970 215556 16 0.145200 4636 2286 1828 0
797 110820 18 0.099300 4228 2107 1774 0
997 220933 16 0.129700 4831 1423 1439 0
909 113445 17 0.126300 5955 2199 1361 0
894 159713 12 0.084500 5795 2604 1103 1
