647 129293 12 0.157000 4778 2948 1566 1
896 168490 8 0.151000 5534 1111 1061 1
657 115128 18 0.101600 5791 2515 1406 0
564 142841 11 0.112200 4087 1810 1158 0
578 166209 15 0.137400 5732 2382 1862 1
919 170963 13 0.169400 4770 2086 983 1
663 162215 16 0.062100 4448 2263 1627 1
680 149766 13 0.168200 4875 2074 1581 0
706 129696 12 0.126400 5380 3340 1382 1
547 86767 17 0.167400 5444 1158 1333 1
714 147419 11 0.097500 4223 2131 1773 0
677 123642 9 0.098400 5315 3238 1240 0
564 113746 13 0.076100 5961 3869 1204 1
518 95802 10 0.121000 5520 1629 1125 1
858 165327 10 0.080200 5656 3618 1614 1
822 90103 12 0.029900 4829 1196 1365 1
891 118887 12 0.046000 5788 2211 1895 1
980 192645 13 0.159500 5481 1877 1888 0
949 156346 13 0.114400 4212 2512 1624 0
748 142901 12 0.164300 5422 1416 1305 1
706 147980 14 0.125400 4222 2837 1495 0
523 97323 18 0.053900 4121 1428 1616 0
573 113821 12 0.117900 4262 2238 1097 0
863 153419 13 0.116800 5581 3101 950 0
704 150798 13 0.101300 4102 1051 967 0
991 283943 13 0.107600 5131 3065 1498 0
651 132706 13 0.082500 5588 3352 1742 1
825 108767 12 0.106600 4317 2634 1421 1
593 157804 11 0.126100 5776 3657 1932 1
857 140449 8 0.084700 5604 1068 1961 0
535 107900 14 0.088600 4964 1603 1842 0
645 112970 13 0.149700 5509 1542 1070 0
682 138178 15 0.059300 4544 3252 1987 0
925 130682 9 0.111900 5656 3358 1410 0
888 220340 9 0.060500 4908 2781 1669 0
824 205202 16 0.106400 4152 1448 879 1
666 142311 13 0.036200 5211 2260 1138 1
830 183029 10 0.066700 4696 3239 911 1
861 215205 16 0.111000 4051 3120 1445 0
669 129168 12 0.123900 4584 3718 1566 0
867 120071 14 0.012100 4315 2762 1611 1
958 224489 13 0.050200 4124 1274 1426 0
815 181059 10 0.159000 5810 2011 1202 1
611 130018 13 0.112600 4280 1203 962 0
708 185646 9 0.105300 5228 3981 1747 0
666 101189 9 0.098700 4389 2290 1069 0
888 112618 9 0.116600 5022 1722 995 0
900 168916 13 0.107700 4896 3690 1157 1
676 107228 14 0.093000 4567 2532 1466 0
512 62101 14 0.137000 5561 3019 871 1
619 114650 16 0.186600 4426 3980 1867 1
874 173308 12 0.056900 5514 2934 1243 0
531 133948 12 0.097200 4211 820 946 0
676 157001 13 0.134600 4181 3340 1046 1
747 94969 14 0.126900 5573 2639 1182 1
823 131018 10 0.108900 5911 3126 973 1
910 184279 14 0.167000 4413 3868 1402 1
898 158608 12 0.023100 5132 1487 1124 1
922 174730 12 0.142500 5309 1873 910 1
567 112487 17 0.162000 5888 2805 1685 1
659 115582 16 0.121700 4651 2469 1318 0
803 164711 16 0.136200 5664 3256 1966 0
651 138279 11 0.071200 5537 3149 1361 1
935 145011 11 0.020400 5530 3560 1709 0
806 155735 9 0.121600 5873 2803 1800 1
610 103810 11 0.093400 4148 1018 832 1
989 226326 17 0.130100 4195 3684 1132 1
537 101371 14 0.172100 5072 2080 1634 1
993 252583 13 0.152900 4469 2890 803 1
707 130241 17 0.115400 4942 2504 1078 0
580 116163 17 0.118800 5894 3135 1825 0
748 166023 9 0.037200 5605 3712 1284 0
891 236788 12 0.044100 5050 803 1520 0
910 219876 14 0.085700 5282 1151 1442 1
999 232089 14 0.119900 4118 3158 1786 1
517 102642 15 0.124800 4227 941 1810 1
711 133505 12 0.054400 5776 1928 960 0
508 114106 17 0.076000 5767 1956 969 0
935 112189 14 0.181300 5320 1313 828 0
536 137107 15 0.111300 5989 3407 1446 0
820 151495 9 0.061400 4895 1457 1626 0
868 228322 17 0.118600 5330 3370 1157 0
859 164991 8 0.091400 4093 3373 1086 0
821 124185 14 0.076600 5105 2344 1084 0
568 109915 12 0.122800 5719 1180 1251 0
777 217494 16 0.024600 5581 2349 1930 1
822 185197 15 0.087900 5217 934 1735 0
926 185747 17 0.044400 4218 950 826 0
664 161304 14 0.131200 4234 1685 1815 1
693 135118 16 0.143000 4156 1756 1818 1
591 114519 10 0.092100 4423 1201 851 1
537 77834 12 0.106600 4626 2887 1212 0
672 145627 14 0.055600 5915 1734 1359 0
541 151566 13 0.144600 5540 1917 1508 1
641 110171 16 0.147200 4942 917 808 1
916 144790 12 0.040400 5430 3851 1635 1
713 150729 14 0.112400 5007 2499 1783 0
903 145803 12 0.100200 5523 2476 1751 1
912 115335 11 0.050100 5918 2403 1874 1
936 182542 11 0.043000 4054 2677 870 1
