1000 261237 12 0.153500 5429 3079 1793 0
651 158669 16 0.135400 5046 3256 1132 0
724 193826 12 0.125900 5885 2430 1864 0
622 132899 16 0.109400 5575 1900 1497 1
639 176914 9 0.152800 5861 3590 1214 0
507 109566 11 0.147900 4525 1002 1311 0
561 136606 17 0.123500 4341 1893 1274 1
806 160877 15 0.131900 5636 948 1520 1
980 135010 15 0.034500 4371 1450 1942 0
594 104769 16 0.129800 4861 3172 920 1
562 93187 17 0.057800 5046 2551 1041 0
739 183254 10 0.077000 5044 3879 1633 1
603 94550 14 0.045200 5250 1764 1794 0
738 148049 11 0.040100 5500 3023 868 1
528 91244 11 0.159100 4371 1901 1498 1
631 88658 10 0.088700 5273 2859 1508 0
996 249015 8 0.074200 4285 805 1978 0
931 204458 12 0.044300 4734 3399 1646 1
814 158221 14 0.067400 4583 2522 1887 0
666 137245 14 0.071800 4598 913 1118 0
615 153579 11 0.088600 4590 1151 865 1
764 174544 13 0.143500 5056 3741 1870 1
610 123320 11 0.075600 5685 2235 1617 1
630 128427 13 0.095900 4544 2315 857 1
552 137085 12 0.154900 4356 2783 1478 1
826 115453 11 0.031400 4899 1088 1279 0
584 140730 16 0.058900 4172 3168 1075 1
855 171355 13 0.139200 5305 2811 1829 1
683 145795 11 0.137400 5561 2829 1980 1
594 111293 13 0.063900 4022 3226 833 0
712 170670 14 0.133200 5508 3777 1848 0
873 216784 11 0.117200 5829 3558 1532 1
873 125724 13 0.089700 5541 2140 1340 1
778 139866 15 0.045800 5798 2281 1766 1
638 162481 15 0.075300 4369 1546 870 0
960 188670 9 0.140300 4539 2680 933 0
882 225323 11 0.068100 4985 2443 1846 0
685 129803 14 0.090400 4005 2998 1174 0
823 218768 11 0.066300 4857 2642 1607 1
728 148851 9 0.136700 4938 1360 1956 0
718 166059 15 0.053300 4196 1781 1007 1
541 80723 8 0.116700 5249 3392 1859 0
625 117094 13 0.020500 4450 1112 970 0
885 160022 13 0.097500 5697 1341 1464 1
870 152826 15 0.152200 4369 1890 1738 1
874 207319 16 0.012900 4383 866 1769 0
840 155607 15 0.093400 5692 2758 883 1
877 169379 15 0.093400 5592 2026 1977 0
842 176668 18 0.120600 4247 2482 857 0
934 247158 11 0.025500 5784 3011 1805 0
703 102751 9 0.138400 5285 1397 866 0
947 117359 15 0.098300 4983 2439 1633 0
557 98447 12 0.062300 5706 2007 1780 1
522 109646 16 0.120000 5378 3679 1532 1
596 115683 17 0.053300 4224 3651 979 1
506 91888 13 0.110400 5492 2886 1346 1
680 134754 16 0.041500 5423 2446 943 1
741 163286 10 0.124600 5582 1520 1792 1
764 159961 13 0.044200 4802 3858 1444 1
654 100782 18 0.076500 4299 3616 1563 1
956 200983 17 0.120200 4780 2281 1871 1
625 153916 12 0.156000 5334 2069 1100 1
556 132365 13 0.084100 5569 3421 1205 0
584 149212 16 0.106200 5193 1704 1644 1
792 142907 12 0.153600 4288 3076 1352 0
552 126397 13 0.101900 5313 2907 1805 1
819 174123 15 0.081500 5652 3264 1455 0
752 106697 13 0.102900 5408 2881 1091 0
738 103159 16 0.182500 5776 3199 1271 1
784 128401 15 0.081800 5123 3699 1026 0
931 240563 11 0.074300 5468 1935 1536 1
638 171642 13 0.096200 5154 954 1324 1
996 227731 17 0.141000 5774 1712 1170 0
666 112755 10 0.145100 4273 2976 1298 0
685 154130 15 0.078500 4948 1718 1214 1
781 133334 10 0.064700 4269 2334 1862 0
834 181040 14 0.047900 5635 1850 1344 1
847 145616 11 0.130500 5040 3830 1949 1
926 187749 13 0.019600 4157 2607 1767 1
888 216897 13 0.111800 4838 2467 892 0
954 190734 12 0.132000 4499 2634 1535 0
685 162853 12 0.188000 5978 2571 1869 0
614 134457 17 0.106900 4751 1244 820 0
728 164246 8 0.108200 5666 3229 1478 0
560 119872 17 0.034400 5046 1580 947 0
990 215662 11 0.073200 4408 845 1319 1
987 155849 14 0.140300 4716 2929 987 0
703 139553 12 0.072600 4791 3278 1019 0
643 78427 15 0.025200 5039 1296 1575 1
842 142779 14 0.106700 4496 1482 1991 1
557 97259 12 0.113400 4576 1535 1210 0
568 93872 11 0.074300 5580 2766 1882 0
738 145269 8 0.100300 5899 2584 1081 0
911 180082 12 0.150400 5210 1047 1311 1
672 139055 12 0.081900 5075 2563 1142 1
843 203395 13 0.045800 4794 1856 1388 0
503 107193 14 0.083300 5531 1537 1656 1
827 157418 9 0.102700 4746 1454 818 0
630 109250 14 0.143500 5800 2373 1947 1
586 101644 17 0.071500 5464 1041 1023 0
