705 173557 17 0.108700 5501 3302 1211 0
856 114701 14 0.053100 5314 1100 1889 1
556 121596 16 0.142900 5338 3732 1863 1
773 229492 15 0.099100 4043 979 1903 0
865 209868 12 0.059400 5474 3319 1475 1
634 134701 10 0.129100 5353 877 1893 0
560 131323 15 0.092900 4870 3421 1722 1
622 135680 16 0.067800 4566 3145 1631 1
840 186945 9 0.029700 5182 2592 1151 0
646 168403 9 0.058700 4391 3273 1138 0
751 209668 16 0.066100 4943 3949 1072 0
990 203686 13 0.103400 5739 933 1074 1
812 139114 16 0.186600 4069 3011 1737 0
561 123089 14 0.128700 5524 2190 877 0
999 210862 10 0.098900 5756 2056 1118 1
850 178433 11 0.147400 5527 1374 1698 1
967 149767 10 0.025900 5119 1293 1441 0
682 71264 15 0.135800 5417 2329 1543 1
998 165014 9 0.057600 4209 3593 961 0
693 155531 15 0.064500 5619 3652 1563 0
984 214130 13 0.064400 4319 2056 819 1
637 106256 10 0.108900 4285 3655 1222 0
991 208216 11 0.109400 4918 1612 1778 1
641 75275 13 0.105400 5781 1918 1408 0
567 91660 15 0.115100 4740 2288 1237 1
679 89082 17 0.059300 5961 1111 1365 1
694 150687 11 0.152500 4678 3178 1336 0
592 82268 10 0.098800 5955 2736 1701 0
685 93281 16 0.137700 5192 2376 1922 0
959 169816 14 0.138700 4577 1054 1309 0
651 108448 11 0.065500 5798 1870 900 1
584 91563 10 0.141400 4601 903 1713 1
834 183956 13 0.097500 5185 2017 1118 1
586 119408 9 0.088400 5799 3479 1363 0
990 189393 12 0.132800 4022 1540 887 0
589 172879 15 0.096400 4230 1146 1274 0
581 154797 15 0.079000 4981 3841 1802 1
540 84884 11 0.075000 4807 3498 1709 1
730 120317 11 0.076200 4530 3425 1443 1
629 164752 15 0.105400 5604 3887 1585 0
731 169453 13 0.134100 5584 1474 1398 0
525 128249 13 0.193500 4584 983 1908 0
891 162249 13 0.114600 4666 3897 1717 0
527 109730 13 0.022800 4802 2117 1684 0
953 179506 11 0.147500 4696 2878 1552 0
908 193154 13 0.096400 4420 2661 1029 1
709 174151 13 0.114500 5930 3040 1799 0
810 105582 8 0.157900 5972 804 1185 1
809 214892 16 0.104700 5909 1968 1401 1
973 136653 14 0.082800 4628 2877 1705 1
806 98568 14 0.099600 5905 2548 1738 0
522 135413 10 0.096600 5629 3922 1770 1
862 244833 14 0.130900 5683 2996 826 0
826 154920 11 0.090900 5847 1284 1133 0
890 226802 9 0.184600 5031 3678 1382 1
699 96185 15 0.039000 5532 3506 879 0
767 167569 11 0.115400 5695 2776 913 1
691 117616 14 0.124600 4292 1098 1497 1
708 177396 16 0.059900 5292 2554 1640 0
876 160111 12 0.051700 5040 3980 1767 0
952 178802 14 0.139800 4672 1919 1554 1
884 142041 14 0.019600 5483 1157 1172 0
653 103462 14 0.081600 4255 3064 1450 0
658 69630 15 0.069200 5752 3101 1753 1
511 92138 12 0.137200 4506 3340 1456 1
800 159518 15 0.063900 5439 3151 1118 1
600 95762 10 0.074700 5840 1566 1324 0
655 146003 10 0.070300 4194 1464 1145 0
880 175888 13 0.113700 5425 2254 1120 0
692 134681 17 0.057200 4853 1297 1387 1
731 182259 14 0.039700 4994 1724 1161 1
600 123912 12 0.126600 4218 3826 1767 1
579 121029 14 0.125600 5520 1105 996 1
576 72095 17 0.126600 4016 3423 1520 0
520 107060 12 0.068100 5696 2356 1710 0
974 162334 10 0.179200 5706 1884 1814 1
531 118084 17 0.127800 4423 3410 957 0
962 200845 12 0.153800 4856 3643 955 0
940 229114 13 0.039800 5483 2617 1506 1
709 147291 16 0.092700 4982 2653 1666 0
758 101937 17 0.105200 4375 2667 1240 1
607 130159 15 0.148300 4391 1218 1388 1
836 162192 15 0.050100 4944 1529 1827 1
558 114618 13 0.110200 5626 3637 818 0
653 136538 11 0.171200 5347 2484 1092 1
816 156607 13 0.156900 5466 1452 1192 0
629 154527 13 0.129900 5449 3412 1123 1
604 95091 10 0.147900 5020 1979 1242 0
915 261278 11 0.100700 4189 1331 1164 1
569 135600 14 0.047000 5763 1903 1285 1
825 145161 13 0.103400 5435 3338 1109 1
750 101581 14 0.127900 5447 2813 1666 1
958 143330 10 0.109700 4358 3411 1619 0
930 110289 12 0.135700 4513 1898 858 1
664 182552 11 0.123000 5772 2962 1777 0
745 154643 10 0.103300 5783 1758 1558 0
775 172222 12 0.059600 4318 3828 1800 1
564 119268 12 0.126800 4991 3742 1668 1
977 215556 11 0.025600 4970 3172 1983 0
997 152234 15 0.134200 4934 1350 1244 1
