671 111783 11 0.119800 4930 2361 1839 0
538 133029 12 0.085300 5912 3953 1831 0
994 204712 15 0.106000 4297 2777 1611 1
917 199993 15 0.109000 4159 826 1455 1
908 103901 10 0.013200 4905 2580 1818 0
810 208973 16 0.090400 4943 3760 1869 0
723 113298 16 0.049500 4611 1508 1042 0
759 219726 12 0.074200 5542 1751 1020 1
759 111291 10 0.115600 4570 1605 1880 0
764 131732 13 0.022000 5593 3289 866 1
708 107341 9 0.014000 5916 2739 1712 0
899 198439 9 0.035800 4108 3257 1822 0
769 204487 14 0.132600 5067 2375 863 1
560 125876 12 0.136100 4867 2043 1199 1
938 179274 8 0.136800 4017 2845 1220 0
949 177864 11 0.169000 4652 3246 1718 1
522 126800 13 0.110100 4897 2498 926 0
803 135387 13 0.108800 4126 3891 1889 0
932 221198 12 0.099800 5520 2055 1661 1
756 146376 14 0.021700 4105 1719 1471 0
615 141841 12 0.160900 4118 3934 1204 1
990 180824 13 0.107600 5497 3618 1304 0
981 198860 13 0.068100 4345 2007 1674 1
779 161328 13 0.074300 5409 813 1999 1
707 150942 17 0.097300 5468 2896 1487 1
529 125646 14 0.084300 4764 3857 1015 1
577 127083 14 0.174100 4858 1172 1588 1
552 96334 13 0.103100 5561 3778 1170 0
856 211366 14 0.028300 5435 2013 1353 1
622 106286 15 0.111300 5234 2879 1918 0
516 95436 14 0.151100 4836 2425 1948 1
691 113627 13 0.168300 5116 2538 1112 0
983 263433 11 0.116900 4906 1551 1091 0
998 119054 12 0.073600 4375 1299 886 1
981 120978 14 0.104400 4003 1561 997 0
836 125875 14 0.117300 4920 2986 1227 1
769 156703 12 0.077500 5658 2531 1281 0
847 215845 15 0.101700 5956 2691 1061 0
891 180627 14 0.063200 5371 1321 1897 0
538 95360 12 0.052600 4654 840 1797 1
696 157490 10 0.078100 5434 959 1142 1
648 99551 9 0.086400 4375 1066 1000 0
667 168002 13 0.010900 5259 3043 1903 0
858 201962 11 0.087400 5110 2675 1139 0
501 114408 13 0.110200 4695 1256 1308 0
824 186980 15 0.075500 4942 2771 1536 1
676 156163 12 0.157700 4726 1339 1025 1
821 167079 15 0.068100 5817 2294 1397 0
808 144454 10 0.180900 5705 1110 1373 1
603 93328 14 0.021000 4775 1033 837 1
545 107150 13 0.076300 5285 3708 1420 1
911 179387 12 0.120400 4888 3459 1888 0
682 151082 14 0.028100 4275 1894 1719 0
951 186688 14 0.053200 4631 1335 834 0
560 119251 11 0.134200 4091 2970 1682 0
514 104460 16 0.067000 4455 937 996 1
748 182038 17 0.023000 4971 3534 1855 1
984 237113 12 0.134100 4926 3362 1943 0
958 168736 13 0.123900 4099 2192 1264 1
955 157809 11 0.178100 4162 1151 1571 0
704 147697 15 0.056200 5161 1920 1463 0
684 157742 11 0.078100 4533 1594 1491 0
959 158086 12 0.101900 4922 1380 878 1
653 116242 15 0.084800 4876 2507 925 0
749 160885 14 0.082800 5668 3806 1789 0
698 106972 14 0.089500 5360 3181 965 1
743 135052 13 0.033400 5165 1318 822 1
548 89316 14 0.190000 5953 3557 971 0
902 168259 14 0.180800 4060 1520 954 0
652 114236 13 0.170000 4107 2774 1147 1
783 160737 12 0.103600 4296 2215 1267 1
962 186636 15 0.023700 5718 1744 1708 1
979 254260 16 0.086200 5130 3154 1642 0
754 126614 13 0.063100 5813 1934 1566 0
629 126085 11 0.116600 5246 2716 851 1
614 125018 12 0.086300 4167 1613 1171 1
581 102275 10 0.096800 5965 3734 1290 1
891 209558 11 0.063200 4414 1925 1004 1
639 120116 13 0.042300 5329 2032 823 1
819 155351 18 0.092200 5337 2343 1193 1
725 127599 12 0.137100 5539 2000 1670 0
775 142877 16 0.093600 5347 1038 1519 0
533 132388 13 0.119000 4103 3096 1729 1
614 136803 9 0.071500 4751 1850 1833 1
622 103121 11 0.105500 4080 1668 1922 1
619 155373 11 0.049300 4095 2877 1530 0
733 155517 12 0.142900 5266 3582 1331 0
856 139263 15 0.090200 4721 3727 837 0
513 96408 17 0.166500 4089 2296 1599 1
915 207000 15 0.193200 5369 3042 838 0
952 164921 15 0.149200 5986 3874 1756 1
727 140083 14 0.085100 4187 2970 1829 1
594 116822 8 0.159100 4424 3342 1172 1
952 218377 15 0.036800 5013 2968 871 0
888 224472 8 0.035600 4206 981 1482 0
793 189560 13 0.132100 5275 2739 1386 0
658 130624 17 0.164000 4603 1611 1917 1
785 161867 14 0.071100 5149 2815 1950 1
679 176664 11 0.065300 4849 1388 1155 0
714 168002 15 0.035800 4519 3812 1746 1
