640 125446 10 0.142200 5709 1436 1353 1
877 176184 13 0.135100 4134 2987 1191 1
863 241024 8 0.143400 5598 1054 1692 1
539 109125 13 0.161800 5610 2330 1142 0
692 148812 11 0.076300 5075 2163 1130 1
785 194600 11 0.069400 5932 3874 1534 1
525 134394 8 0.088600 5474 2253 1076 1
864 172235 12 0.109500 4876 3667 1670 1
625 146185 10 0.050200 5049 2038 1955 1
795 146089 13 0.128400 4690 2308 1698 0
990 229509 14 0.026300 5070 3167 1264 0
885 148863 17 0.076600 5054 3165 1121 1
815 110030 14 0.080200 4265 2052 1570 0
992 184184 16 0.136300 4092 3263 1102 0
747 97326 14 0.121500 5264 2429 842 0
854 171430 18 0.079300 5115 3385 1626 0
545 138478 12 0.097000 5843 3617 1169 1
660 126667 15 0.078500 5781 1297 1192 1
966 191522 15 0.139300 5281 891 1571 0
664 94091 12 0.132500 5983 3724 1857 1
876 204216 12 0.145700 4782 1349 992 1
791 180296 18 0.054800 5131 2092 1783 1
750 130670 12 0.032700 4599 3173 1144 0
676 116793 13 0.118200 4049 1567 1408 0
825 126553 14 0.135800 5012 3451 1983 0
678 182502 15 0.043400 4324 2731 1071 0
720 166170 9 0.072400 5847 1357 1638 1
889 168766 11 0.144300 5713 1517 1709 0
819 143713 9 0.089900 4195 3732 1085 1
953 193373 11 0.051200 4459 3332 1676 0
962 197203 10 0.118900 5146 3908 1078 0
542 67461 17 0.089600 4653 3625 1789 0
832 157405 15 0.048600 4591 2997 1937 0
915 194677 12 0.130500 4164 1355 1341 1
921 118237 11 0.069400 4763 1748 962 0
933 174906 10 0.092000 5269 2395 1678 0
808 177365 13 0.176800 5176 3535 1882 0
820 204537 14 0.092400 5907 2007 1691 1
953 160308 15 0.070300 5805 2425 1875 0
629 121284 14 0.018600 4674 865 859 1
688 174891 10 0.102400 4456 3242 820 0
873 145744 15 0.152400 5235 3011 1293 0
894 180664 11 0.072000 4477 1355 945 1
891 201803 17 0.173900 5280 2389 1645 1
652 78247 13 0.058000 4104 3223 1173 1
598 100171 11 0.045100 5355 1978 1064 1
982 175923 14 0.072500 5836 2548 1454 1
929 208126 8 0.130600 5668 2130 1076 1
526 109220 11 0.111900 4431 3296 1911 1
826 112673 14 0.054000 5848 1882 1082 0
522 112591 15 0.107600 4471 1187 1811 0
974 161879 14 0.062000 5309 3166 1088 1
564 95952 13 0.142400 4486 3506 848 1
871 212831 13 0.091800 5312 1430 1700 1
741 147520 12 0.123700 4051 2822 1475 1
709 160135 18 0.073400 4760 3738 1726 0
624 146537 13 0.109800 5471 2418 1866 0
790 124885 13 0.063500 4977 2297 1644 0
504 113112 10 0.012400 4176 2318 1004 0
611 174892 13 0.162700 4781 3401 1606 1
629 143453 9 0.084500 5145 3694 982 1
637 130279 13 0.102900 4252 2465 1029 1
509 85979 9 0.151700 4061 2995 1592 0
846 226824 15 0.087800 4004 3800 1799 0
650 101526 14 0.075400 5494 3050 1728 1
539 136538 11 0.113400 4088 2326 1397 0
648 125988 15 0.106500 5015 2462 1973 1
948 226490 8 0.148000 4559 1041 1517 0
554 90674 11 0.094100 4661 877 1275 1
881 235944 14 0.173700 4625 2242 1361 0
597 132488 16 0.099600 5446 846 1134 1
749 127084 12 0.164200 4351 1417 1965 0
565 100048 15 0.187400 4794 2671 1449 0
645 145930 13 0.132100 4898 894 1325 1
969 120723 14 0.103900 5734 3906 1620 0
867 209382 12 0.104100 5658 3516 1890 1
586 100979 12 0.183600 5036 970 1391 0
909 136703 10 0.090400 5340 1952 1596 0
901 169423 12 0.096800 4521 2833 1729 1
850 153622 14 0.145000 4372 3236 810 0
808 156424 10 0.067100 4809 1824 1426 0
867 152032 18 0.137200 4137 3167 1991 1
898 158715 12 0.067500 4629 1681 912 1
973 242904 17 0.051700 4777 1706 1113 1
611 122417 11 0.083800 4890 3028 1558 1
982 201673 14 0.185200 4183 3459 1595 0
795 110527 13 0.056800 5715 2770 1353 1
556 107823 14 0.077900 5581 812 1381 0
675 168310 13 0.140300 4630 3074 1708 1
972 225967 10 0.151200 5322 1168 1603 0
521 75705 14 0.034900 4651 3543 1678 1
677 151851 12 0.135100 4049 1775 1970 0
860 192218 12 0.129100 4267 3088 1830 1
884 183477 17 0.093300 4358 3770 1838 0
920 165949 10 0.064200 5342 1886 1781 0
983 185555 10 0.165100 5254 1562 1288 0
593 124898 15 0.174100 5753 3734 1169 1
693 150375 11 0.109200 4997 1052 893 0
826 142177 15 0.058600 4071 1445 1261 0
688 136119 13 0.125100 4145 2610 1164 1
