896 232513 15 0.088700 5706 1032 1019 1
925 241596 16 0.111500 4111 2149 1760 0
519 88361 13 0.124500 5590 3707 1954 1
890 197220 12 0.094300 5748 2730 1125 0
616 100344 11 0.088500 5051 3775 1430 1
621 128813 9 0.077600 5091 3875 1664 0
870 193041 13 0.166200 4004 1529 1092 1
948 263243 12 0.129500 5444 987 1697 0
760 145806 11 0.166600 5552 2669 1418 0
650 72738 12 0.033400 5696 1049 829 1
528 93588 13 0.074000 5231 1616 919 0
672 111899 12 0.157400 5410 2548 1788 0
791 172739 16 0.058200 4690 3223 1160 0
929 259571 11 0.045400 5814 1293 1415 1
977 230041 16 0.079400 4218 1465 1941 0
653 175694 15 0.132300 5030 1365 1292 0
674 135243 16 0.062400 4554 3418 1098 0
739 126551 18 0.081200 4273 3327 1766 1
996 160214 14 0.182900 5776 3492 1912 0
778 184926 9 0.093300 4965 3508 844 1
866 151585 17 0.137900 4841 2578 1020 1
622 96978 15 0.159700 4864 2004 1083 1
619 89869 11 0.129300 4101 3126 1766 1
644 141932 11 0.084100 5099 872 1042 0
802 180816 11 0.168300 4771 3865 1220 1
744 147399 14 0.038600 5965 3084 1713 1
941 232373 11 0.093600 4158 2833 1967 1
534 116919 18 0.132500 4638 1283 1852 1
878 170509 16 0.087100 4637 1370 810 1
568 131006 13 0.069100 5848 2982 1018 0
519 106401 13 0.188100 5239 3971 1387 0
791 199625 12 0.077300 4284 2108 1429 0
851 204091 13 0.064100 4213 2457 823 1
576 130241 15 0.132200 5901 1469 1662 0
892 180908 11 0.101300 4585 3245 1486 0
807 169803 13 0.079900 5470 1814 1741 1
640 117198 17 0.158600 5246 2653 863 1
899 177830 11 0.106600 5840 1519 1507 1
539 88815 10 0.038500 4789 1157 1036 1
633 157559 12 0.061600 5190 2387 1842 1
959 191162 13 0.032600 4733 3975 980 1
895 142170 13 0.081800 4207 1667 1217 0
906 136642 8 0.155700 4468 3302 1003 1
711 108130 16 0.145700 4999 3732 1904 1
749 101999 17 0.102400 5614 2732 1898 0
502 101480 12 0.124300 4236 3458 959 0
728 125073 15 0.153800 5782 1430 1628 0
632 143890 13 0.025600 5439 3830 1869 0
570 105600 18 0.075700 5193 3730 1611 0
825 170164 10 0.173000 4127 2610 1374 0
932 234073 13 0.068900 4386 2048 1328 1
834 122381 15 0.104800 5513 3752 1767 1
606 105894 16 0.049900 4955 1197 1970 0
646 151098 10 0.120000 4095 815 1181 0
824 154446 17 0.067100 5204 2252 1317 1
668 160306 15 0.027400 4069 1231 1756 1
766 130315 17 0.090200 4338 3318 1475 1
502 132388 13 0.091800 4585 1051 1866 0
583 152054 13 0.178800 5515 2924 876 1
960 188443 13 0.079100 5901 3533 1344 1
528 110333 17 0.074200 4417 2014 1347 1
636 107207 13 0.125900 4910 885 1824 1
717 137157 9 0.090800 4408 2161 1815 1
760 104813 12 0.040600 4046 3454 1489 1
628 159616 10 0.106800 4208 2698 1533 0
518 91420 11 0.070400 5886 3001 853 1
844 232279 14 0.108200 5858 1740 1754 0
660 145342 13 0.078200 4959 2695 958 1
943 206966 13 0.089700 4002 3472 1940 0
897 177170 8 0.107600 4405 805 1910 0
886 173549 12 0.151100 4198 2964 881 0
869 176375 17 0.073500 5876 1065 1990 0
805 149356 18 0.088900 5514 1790 1524 0
903 183292 15 0.074900 4816 2418 1678 0
905 187169 16 0.075400 5809 3475 1879 1
531 123197 13 0.118900 4736 913 2000 1
672 160757 8 0.176400 4325 2566 1732 0
928 166534 13 0.105500 5208 2923 1793 0
868 219102 15 0.102000 4029 2418 1888 1
644 94032 8 0.132800 5496 1948 1121 0
533 94622 12 0.134200 5393 2975 1550 1
708 98492 15 0.156100 5084 1770 868 0
932 176928 16 0.092600 5799 3626 911 0
714 187905 12 0.091200 4209 3194 1479 0
509 61262 11 0.065200 5852 2599 1169 0
685 113691 18 0.127500 4223 2448 905 1
749 159039 10 0.175900 5004 1190 1522 0
525 117952 12 0.016900 4666 3073 1567 0
612 147294 11 0.100800 5397 3942 1530 1
627 135800 17 0.128200 5169 1444 1503 1
957 149752 13 0.108600 4724 1872 1319 1
593 116178 12 0.045100 4920 2780 1128 0
997 182239 18 0.103200 5691 2009 1810 1
992 215200 12 0.146500 5255 2430 1488 0
891 180403 16 0.122800 5090 3131 885 1
704 178614 10 0.136700 5523 1059 1976 0
888 193725 16 0.083600 4443 2093 896 0
890 129608 13 0.052300 4171 2537 1671 1
581 130303 9 0.153900 5522 3507 942 1
592 145471 16 0.097000 5185 2064 1946 0
