958 211116 12 0.159700 5458 2478 1650 0
929 236795 12 0.151200 4730 2727 1419 1
959 168927 12 0.077600 4606 2416 1242 0
899 128082 13 0.098800 4269 1412 1505 1
989 172338 16 0.192200 5578 3042 1006 0
568 136394 10 0.094000 4903 2252 855 0
735 148477 13 0.127900 4925 1486 1104 1
919 150772 12 0.033700 4398 3015 1484 1
993 243420 17 0.114400 4879 1029 1492 1
707 80090 11 0.025500 5774 2488 930 0
756 142527 11 0.075100 5200 2781 1095 1
662 134632 14 0.082400 5697 873 1561 0
704 188128 13 0.069600 5986 1044 876 1
728 196516 17 0.122800 5272 2497 1510 1
902 205248 11 0.063400 5140 1552 1151 0
726 186692 13 0.163900 4088 3913 1697 1
627 103659 16 0.097400 5931 1170 1688 0
871 176456 13 0.138600 4873 3854 1265 1
752 138736 15 0.135700 4778 1004 1524 1
627 153109 13 0.190900 4092 1597 806 0
599 150033 11 0.185000 4784 2588 1733 0
777 164751 11 0.098200 4168 2260 893 0
860 145895 8 0.087200 5612 3567 969 1
510 125884 13 0.149300 5048 3393 1376 1
783 160350 12 0.046200 4561 3254 1150 1
537 88475 11 0.109400 4751 2127 2000 1
530 95237 8 0.114200 4359 3092 1657 1
500 94498 15 0.106500 5741 3021 1270 0
736 142485 12 0.092000 4976 863 867 0
732 151675 17 0.047700 4166 3741 1934 1
542 134100 12 0.051600 5528 2097 1723 1
914 112370 10 0.080800 5643 1358 1635 1
801 117204 10 0.121800 4788 3142 873 0
727 101149 11 0.099800 5984 2460 1543 1
981 209502 18 0.147000 4164 3849 914 0
883 163248 13 0.050600 5921 904 1809 1
536 100198 13 0.083400 4800 2268 906 1
622 169018 12 0.160500 5694 2202 1799 1
703 92839 12 0.143100 4345 1577 1343 1
627 100531 11 0.123200 4693 3600 1872 1
852 169784 10 0.080500 4581 2383 1085 1
598 123355 11 0.074100 5511 3205 843 1
772 120880 13 0.100800 5247 1414 1577 0
965 189107 15 0.119400 4530 1433 1465 1
919 229462 14 0.162200 5429 1706 1061 0
584 77237 15 0.042800 4149 2655 1997 0
705 149063 11 0.079300 4338 1240 1211 0
924 176161 13 0.022300 5784 1247 1599 0
583 119409 11 0.155600 5867 2807 1414 0
578 100040 12 0.039000 4318 3527 1298 1
964 261800 13 0.095100 4627 3750 1182 0
671 83662 13 0.101700 4477 1604 1521 0
950 156940 16 0.125200 5711 3186 1899 1
683 120117 12 0.165700 5810 3607 965 1
557 95593 11 0.141400 4672 2132 1077 1
600 105308 10 0.060600 5627 1883 1222 0
615 82181 12 0.059500 4198 2682 1670 0
595 135123 12 0.115000 5881 1222 1074 0
700 92926 10 0.155500 5230 1173 1729 0
579 103229 12 0.119400 5350 2388 1669 0
657 167528 12 0.052200 4797 2637 842 1
785 125279 11 0.146400 5039 1038 841 1
579 132875 11 0.168300 4359 1129 1389 0
713 101408 13 0.107300 5184 3763 1588 0
529 104263 16 0.102200 5233 3998 1864 1
755 149206 17 0.191300 4078 3996 1986 0
745 201877 10 0.112900 5159 3872 1447 0
653 180558 10 0.110700 5520 1358 1227 1
983 187807 10 0.110500 5647 3949 1737 1
985 241486 13 0.152600 5319 1831 810 1
983 187532 15 0.158600 4602 3024 1495 0
798 152402 15 0.062000 4545 3285 1115 0
870 163367 15 0.050200 5365 1824 1759 0
974 247682 10 0.167700 4870 1147 1683 1
924 177466 14 0.031900 5844 1489 829 0
970 231715 13 0.074200 5490 2398 1765 0
835 212800 12 0.092300 4229 2199 1874 0
720 131964 12 0.105500 5663 3836 1297 1
908 192908 16 0.047000 4865 2659 1994 0
600 123133 18 0.098500 4216 1090 1761 1
762 138379 14 0.062300 4384 1052 1424 0
934 219291 13 0.117900 4808 3691 1934 1
730 161066 13 0.180600 5533 1542 983 1
952 228574 16 0.113800 5565 1641 1983 0
635 118826 14 0.140300 4454 1236 1090 0
610 90637 13 0.108800 5317 3096 1997 0
932 217289 16 0.177300 4810 1957 962 0
561 153540 13 0.133400 4752 3130 1248 0
536 86168 12 0.124900 4463 2027 992 1
519 76340 15 0.072600 5264 3442 1030 0
781 166674 15 0.051600 5368 2690 1601 1
787 145635 12 0.185000 5760 2548 1986 0
980 233148 11 0.166100 5516 1495 1714 1
660 135262 9 0.159500 4985 3354 1010 1
745 179155 16 0.116200 4334 2948 1937 0
634 94386 8 0.012300 5842 2202 1516 0
756 160475 11 0.059000 4151 2611 1450 1
595 143213 9 0.104800 4346 1950 1691 0
607 86105 10 0.124800 4686 2574 1730 1
808 129815 12 0.140000 4533 2737 1891 1
