978 234674 13 0.109500 4662 2700 896 1
593 156308 14 0.066200 4337 1478 1070 0
751 157353 13 0.062700 5368 3474 1903 1
585 135830 10 0.122000 5177 2185 1358 1
932 232513 17 0.085200 5503 3354 1814 1
1000 112256 13 0.075000 4422 1056 1170 1
909 156058 10 0.063000 4988 3442 877 0
814 160714 9 0.056300 4336 2262 844 0
670 77141 16 0.107700 4185 2133 1700 0
712 149000 17 0.106700 5059 2231 1301 1
691 144015 13 0.130700 4349 3058 1376 0
581 124033 16 0.126000 4010 3949 1171 1
599 151646 16 0.073100 4710 2596 1903 1
549 137335 17 0.090200 5653 3050 1437 0
840 160652 13 0.138500 5002 1773 1330 0
514 90775 15 0.127400 5726 2512 1332 1
537 89833 15 0.103000 4123 3372 1601 0
973 181898 17 0.107800 5651 1725 1577 0
562 87378 11 0.135300 4317 2746 1038 0
966 207404 15 0.075300 5668 1840 1636 0
960 167291 13 0.082700 5687 2741 1676 0
948 183864 13 0.157300 5021 938 1364 0
645 142156 12 0.102000 4471 2627 804 1
522 131012 8 0.035000 5329 1644 1241 0
992 213031 12 0.154200 4093 2957 1123 1
501 144956 18 0.140500 5009 2835 968 0
881 149361 13 0.088800 4508 1237 1147 1
728 160822 10 0.101900 5132 2715 1355 1
757 114456 12 0.077700 4037 3988 1674 0
937 181399 14 0.111400 4941 1967 1500 1
979 155692 14 0.105300 5190 1993 1226 0
664 77264 16 0.080000 5537 3957 1545 1
681 136179 13 0.107800 4097 1718 1297 0
963 230123 11 0.074600 4067 3790 882 1
740 81492 13 0.144900 4744 2358 1501 1
948 196580 13 0.135800 5729 1002 1571 1
677 178439 10 0.064600 4485 3899 1819 1
754 130478 16 0.078400 4425 2692 1224 1
878 228254 14 0.137000 4530 2809 1216 1
689 98332 13 0.162400 5442 3489 1437 1
945 177019 14 0.046300 4538 958 1136 1
830 185245 11 0.062700 5081 3046 895 0
809 154437 14 0.156000 5699 3681 1269 0
913 170734 13 0.010200 5965 3332 1811 0
892 183077 16 0.148600 4620 1889 919 1
937 160527 13 0.148300 4330 2908 1442 0
701 168306 14 0.071600 5132 2715 1231 1
773 184851 11 0.086100 5162 3110 1485 0
962 181666 11 0.089400 5053 1162 1133 1
683 89829 14 0.046000 4685 2629 1750 0
726 154309 17 0.116600 4604 3887 1778 0
810 146170 10 0.120400 4931 3520 1399 0
583 105344 13 0.098100 5932 3209 805 0
700 98976 10 0.038800 5898 2324 1714 0
583 136116 14 0.124200 4708 2799 919 0
536 123771 15 0.093500 5482 1826 1643 0
642 118899 10 0.050900 5897 2181 1006 0
618 89662 12 0.107100 5095 1589 1473 1
509 111469 14 0.102800 4374 2598 1279 0
741 140021 13 0.048900 5549 2887 1325 0
575 89985 9 0.083600 5377 1324 1500 0
801 120469 15 0.137400 4204 1243 1344 0
544 108352 12 0.093600 4095 3765 1304 1
990 223675 13 0.030300 4692 2748 1419 1
688 166459 13 0.124100 4855 1750 1431 1
654 181791 15 0.156200 5872 2640 1671 1
656 143629 14 0.032400 4257 1911 1980 0
667 155516 13 0.053500 5052 3173 1844 0
578 124349 10 0.100500 4931 3737 1710 1
706 143472 15 0.070200 5958 3633 1341 0
901 163422 14 0.075900 5578 2173 1524 1
649 89935 11 0.127900 4073 3297 1701 0
781 108478 12 0.102400 5031 1793 1758 1
708 149871 11 0.123500 4306 2973 1642 1
645 130000 11 0.089200 5934 951 1683 1
582 98976 18 0.128300 5746 2806 1181 1
617 102138 10 0.051800 4877 2123 1202 1
989 142670 16 0.171100 4853 1466 1445 1
957 150523 14 0.104000 5197 3952 1150 0
578 96727 12 0.123100 5056 3363 1738 1
780 144502 10 0.094000 5957 2008 1826 0
567 106548 14 0.113900 4097 831 1509 0
912 191117 11 0.026400 4423 2110 1492 0
608 85938 13 0.124000 4830 934 1027 0
939 207589 11 0.082900 4704 3020 1332 1
565 97975 15 0.085800 4865 3064 1185 0
726 158103 13 0.078200 4307 2781 1932 0
729 163183 10 0.112000 5083 3620 1491 0
739 115591 15 0.112400 4881 2760 1170 1
761 146904 13 0.131600 5139 1892 1842 1
691 160739 10 0.130100 5292 1884 1077 1
836 99540 12 0.089300 5497 2019 1692 0
675 104172 18 0.062400 5331 2981 1961 1
948 197967 12 0.141000 4766 2434 1212 1
536 101885 8 0.076500 5455 2170 1404 0
647 97425 17 0.088600 4965 3012 1576 1
978 235389 10 0.087300 5617 2590 1643 1
899 211251 15 0.016800 4033 1065 1851 1
854 182775 9 0.076200 5522 2242 807 0
700 168910 12 0.028300 5460 1330 1645 1
