513 64026 14 0.122400 5448 2884 1652 1
738 167072 9 0.151300 5801 2180 1622 1
825 169176 18 0.086200 4318 2294 1986 0
816 155758 9 0.105900 5998 3751 1938 1
648 125040 8 0.110100 4679 2819 1416 0
671 114487 12 0.092600 5902 2789 1023 0
884 174523 16 0.101300 5131 1904 1377 0
954 130387 13 0.155200 4353 2557 1613 0
593 102388 18 0.156400 5431 3255 1504 0
691 149274 10 0.092300 5124 3165 1185 1
574 134635 12 0.088000 4238 1329 1337 0
839 201657 10 0.118800 5811 3696 1121 1
675 128205 15 0.058400 5759 2245 1492 0
582 114326 14 0.080800 5902 3134 1751 0
897 144877 10 0.102200 5162 3536 1582 0
915 264968 15 0.059700 5156 1326 1067 1
936 171899 14 0.154700 4448 3546 1303 1
873 177376 9 0.148900 5714 1976 944 0
905 239242 17 0.129600 5583 3205 1832 1
684 145017 10 0.094300 5169 1985 1968 1
648 145165 11 0.188700 5699 2047 1972 0
817 150476 14 0.188500 4694 2898 1808 0
686 144535 14 0.061800 4250 1684 1904 0
916 203588 13 0.021600 5009 2364 1446 1
800 150648 10 0.041200 4136 2152 1204 0
987 216819 17 0.141000 5288 2243 1178 0
580 123772 13 0.093900 4983 1448 839 0
705 160164 15 0.061800 5976 3147 889 0
605 83774 11 0.094400 5854 3741 1280 1
671 139214 14 0.023200 4920 2710 866 1
849 164302 12 0.089200 4397 2739 1045 1
712 92871 14 0.043300 5985 1193 1286 1
721 122923 13 0.166600 5036 1523 1779 1
888 131412 12 0.138000 5041 3222 962 0
589 111175 13 0.186200 5508 889 1087 1
859 145964 11 0.163700 5295 3698 900 0
801 126365 13 0.074400 5259 3167 1160 0
508 59389 14 0.142000 5947 3626 1994 1
944 266433 10 0.076800 4073 3731 1452 0
570 156200 15 0.087800 5971 2178 1226 1
746 175558 11 0.138100 5991 3597 975 1
769 84382 13 0.090700 5146 2221 1334 1
817 140679 11 0.084200 4601 2843 1400 1
944 184076 18 0.126500 5861 1865 1320 1
906 147170 11 0.081100 4626 3175 1879 1
648 139510 9 0.124200 5589 1882 892 0
752 135974 13 0.120700 4641 1028 1124 1
951 166421 11 0.117300 5763 979 1757 0
698 134771 10 0.021600 5255 1015 1494 1
677 123224 9 0.050300 5244 2706 818 1
876 128481 13 0.069300 4230 3742 836 0
886 246764 15 0.122300 5700 1935 949 0
899 151239 9 0.130200 4636 1816 876 0
957 180935 16 0.129900 5156 3998 1241 0
925 202291 17 0.135600 5168 962 1209 1
755 106112 9 0.082000 4834 2067 1104 1
669 153298 9 0.162300 4687 2059 1976 0
863 121548 18 0.161700 5374 2636 802 0
900 156095 13 0.058300 4121 2198 1149 0
755 161367 9 0.171800 5666 3256 964 1
795 171717 12 0.045600 5573 3180 1317 1
868 202834 13 0.136400 4015 2010 1294 1
601 130627 9 0.085800 4166 1372 1274 1
640 91008 11 0.123000 4543 1905 863 1
563 123450 11 0.093300 5828 2866 1757 1
625 155319 17 0.057800 5133 2737 1959 0
545 84971 13 0.081200 4762 3111 1592 1
747 164402 12 0.156000 4715 3767 1505 0
508 120497 15 0.136600 5227 2881 1319 0
840 173071 14 0.073800 5480 1952 1763 1
933 162172 16 0.078900 5260 979 1634 0
896 176668 12 0.110900 4217 2421 1388 1
865 160070 17 0.091900 4175 2874 1082 1
792 195508 13 0.106600 5838 2142 1400 1
864 195676 11 0.084600 4633 2783 1539 0
807 136132 15 0.065700 5156 1178 1781 0
721 179457 16 0.169700 4672 2961 1159 0
955 145623 14 0.075800 4090 2237 1565 1
512 68335 10 0.127600 5034 964 1080 0
722 155448 11 0.095100 4010 3198 1181 0
908 111687 13 0.089300 4505 2576 848 1
890 111003 12 0.120400 5435 2395 1428 0
708 145064 12 0.118800 5828 2188 1471 0
700 140930 12 0.070000 4186 911 1547 1
756 192563 10 0.028500 4695 3060 1744 0
974 178853 15 0.112000 4344 2780 1461 1
500 117171 10 0.107700 5342 3357 947 0
665 109171 14 0.173500 4510 2641 1756 1
767 99984 18 0.075800 4218 1216 1938 0
500 132183 10 0.022700 5666 3152 1345 0
519 98484 12 0.128400 4528 1718 1360 1
562 124601 10 0.085700 4479 1432 1214 0
533 104884 11 0.148700 4400 3245 1979 1
875 148002 15 0.091300 5849 3001 1772 1
562 117533 9 0.078400 5414 2875 1288 1
622 137633 10 0.094800 4987 2340 1120 1
918 259857 14 0.076600 4748 1635 1238 0
953 114291 8 0.036200 5737 2843 1197 0
576 92468 12 0.062700 5680 1390 1890 1
896 122941 16 0.126400 5209 3207 808 0
