767 75070 13 0.171000 5876 3466 1188 1
516 61416 14 0.084800 4731 1526 890 1
635 85972 12 0.168300 5487 2858 1447 1
567 77819 15 0.085900 4934 1130 1001 0
589 68636 8 0.124400 5330 1300 907 0
944 117015 14 0.063200 4348 3347 815 0
877 144709 13 0.174100 5214 2778 1916 0
563 78833 12 0.126500 5221 2294 1118 0
881 99817 13 0.076300 5622 3277 854 0
704 74584 13 0.106200 5324 1034 1075 0
580 75514 11 0.061500 5024 1326 1090 0
948 104919 10 0.011500 4904 1880 1868 0
834 134799 14 0.082500 5317 3142 805 0
880 137167 16 0.135900 4365 1631 1065 1
547 77176 14 0.062700 4469 2278 1565 0
885 148534 9 0.105700 5986 1722 1589 1
979 163195 14 0.133200 4158 2384 1740 0
820 113125 12 0.022500 4905 1917 1564 1
955 81751 16 0.104500 4084 1631 1015 0
761 101049 9 0.084300 4858 3002 1415 1
793 143422 12 0.133800 5096 3374 1478 1
992 147953 9 0.079700 4071 1379 1015 1
895 143211 12 0.119400 5836 3864 1075 0
691 79099 13 0.135300 4334 3595 1162 1
604 88399 8 0.086000 5768 900 971 0
703 66877 10 0.119800 5132 1918 1931 0
589 89666 15 0.098100 5952 3804 1493 1
841 70263 14 0.085600 5872 3186 1533 0
595 71890 15 0.114000 5996 1097 1695 0
706 92549 9 0.092100 4406 1865 1944 1
551 67738 16 0.133800 5529 2524 1137 0
754 81703 13 0.119100 5679 1752 1087 1
568 87534 16 0.078400 4839 2044 1200 0
575 62652 16 0.112400 4927 2788 1259 1
973 162230 15 0.096800 5905 3283 1199 0
590 91431 12 0.055500 5538 2537 1085 0
825 57745 11 0.063400 4950 2033 1403 0
834 102569 12 0.103800 4284 1005 1794 0
733 97952 16 0.174000 4599 3217 1252 1
694 59606 11 0.061500 4322 1713 1760 1
651 76752 12 0.097200 4821 3213 1433 0
928 119680 10 0.138100 5547 3395 890 1
570 55358 13 0.102500 4028 1196 1277 1
729 84431 11 0.096200 4048 1854 919 1
988 80873 14 0.152500 5552 3631 942 0
1000 161696 9 0.102300 4413 1594 1105 1
873 112008 12 0.186200 5713 2847 1122 1
586 72677 14 0.167400 4116 3810 848 0
620 80512 13 0.147700 5099 1107 1552 1
943 104857 14 0.021400 4966 2967 841 0
880 82858 14 0.026800 5445 1128 1303 0
852 135241 9 0.060700 5111 3820 1248 0
819 71463 11 0.103700 5945 2391 1089 0
702 102754 15 0.099000 4121 3553 920 1
734 98206 13 0.174800 5781 3372 1399 0
838 67127 13 0.088700 5076 3184 1590 1
897 95706 11 0.086400 5527 2651 1338 1
832 59332 13 0.099800 5411 952 1053 1
685 67857 14 0.056600 4501 1485 1437 1
697 60598 17 0.075900 5673 2067 1963 0
685 94690 10 0.160100 4365 3583 1156 1
525 65029 12 0.148900 4998 1374 1737 0
664 76995 11 0.111700 4448 959 1906 1
779 87256 16 0.094800 5986 1872 1928 1
835 102722 10 0.080800 5385 3253 1572 1
845 106010 12 0.096500 4231 3276 1104 0
626 81183 13 0.138600 5197 2165 1406 1
642 95074 14 0.065300 5219 3602 1048 0
919 121044 15 0.131300 5617 1052 1722 1
707 97150 12 0.148000 4467 3164 812 0
990 175051 12 0.145500 5270 3236 1384 0
589 88073 9 0.047400 4642 2321 1750 1
854 89934 15 0.035900 4910 1496 1677 0
684 51159 16 0.096200 4823 1403 834 1
956 98249 10 0.076200 4279 851 1888 0
979 126960 11 0.065700 5000 3656 866 1
696 89917 13 0.155100 4290 1608 1866 1
836 64570 13 0.082900 5180 874 1505 1
724 67338 14 0.157200 4353 3587 1208 1
515 52701 13 0.044400 4433 2518 1152 0
657 55034 11 0.114100 5648 1530 1655 0
514 57698 12 0.054400 5009 1286 1829 0
976 118309 13 0.126700 4408 1462 1614 1
625 90482 13 0.190100 5891 2954 1489 0
568 83671 17 0.130900 5351 2961 1135 0
693 84574 13 0.106700 4281 3734 886 0
835 114655 18 0.177000 5026 1396 1264 1
763 80832 14 0.156100 5248 3066 974 1
998 115682 10 0.127400 4446 2932 1720 0
548 56369 11 0.122000 4210 1662 1569 1
802 109407 12 0.062500 4912 1321 1082 1
757 127440 11 0.149500 5739 1311 1993 1
513 71388 17 0.138200 5638 1304 996 0
646 58158 17 0.163000 4320 1353 1656 0
546 84204 13 0.083800 5494 2620 1129 1
724 82382 11 0.106300 5525 2606 1140 1
577 61255 11 0.127100 4224 3165 832 1
896 90545 15 0.113100 4477 2004 1734 1
719 96883 10 0.074400 5455 1086 1926 1
607 95854 14 0.168100 5882 2425 931 0
