650 63828 18 0.141700 4332 3881 1206 1
698 85081 13 0.100900 4268 1783 846 1
932 104049 12 0.091000 4783 1432 971 1
892 143598 13 0.157200 4659 2275 1255 0
768 115029 9 0.131900 5830 2427 1089 0
952 162778 14 0.151400 5713 2617 1128 0
953 135288 12 0.118800 5455 1578 1834 1
922 81515 10 0.061900 4346 2302 1313 1
840 130483 16 0.109200 5070 2154 1227 0
685 76975 17 0.048700 5812 2975 1135 1
630 76418 11 0.106900 5398 2330 967 1
884 122636 14 0.085000 4489 2677 814 0
710 69618 17 0.070000 5811 3447 1953 1
577 107323 12 0.078700 4226 1973 1036 1
587 80340 13 0.115300 4345 2404 1193 0
652 77203 14 0.102500 4854 2107 1541 1
672 100964 13 0.088500 4119 1008 1127 0
948 92882 16 0.097100 5651 2233 1028 0
718 90192 13 0.079700 4677 3771 1278 1
626 56717 18 0.110500 5176 2146 1741 0
930 127215 17 0.117900 5947 1173 1150 0
833 87621 9 0.168500 4471 1360 1282 1
895 114181 15 0.072700 5089 3411 1190 0
912 139247 11 0.083100 5091 2176 1205 0
720 90667 14 0.036900 4161 1622 1314 1
665 103307 12 0.172600 5542 3664 1988 1
645 62534 15 0.050400 4810 2347 1759 1
775 114634 15 0.153500 5847 2274 975 0
808 96160 10 0.136500 4508 1078 1466 1
715 83492 16 0.107500 4122 827 1285 0
789 131738 13 0.074300 5821 3429 944 0
560 52706 14 0.102700 5896 3166 1846 1
513 68188 12 0.079300 5666 2115 1644 1
949 116693 17 0.107500 5689 2957 802 0
857 133169 11 0.099200 5087 2618 1766 0
869 75288 12 0.134900 4365 1101 994 1
603 90451 15 0.116700 4265 3326 1183 0
727 117310 13 0.082400 4347 1346 1498 0
710 99884 10 0.119400 4171 3670 1022 1
867 133851 11 0.177000 5065 2896 1118 0
802 101901 12 0.117200 5478 2558 911 1
731 86295 14 0.054900 4391 3888 1151 0
576 79476 14 0.122200 5060 1388 1484 1
641 95541 14 0.043900 4919 3867 1016 0
657 72179 13 0.030300 5003 1946 1961 0
608 49903 13 0.149100 5283 1195 1614 0
680 106668 11 0.120700 4536 2992 1896 0
659 86825 13 0.131000 5829 1351 1813 0
813 64422 12 0.059600 5292 943 1938 1
628 85521 14 0.107500 4097 3006 1600 1
697 86673 9 0.058800 5535 2080 1755 0
948 126899 17 0.119700 5957 1105 1307 1
826 77878 15 0.159200 5585 1480 1282 0
609 77249 14 0.102800 4036 3422 1443 1
650 90187 10 0.029200 5852 2511 1665 1
859 106326 15 0.121400 4561 1341 1123 1
816 121307 10 0.078100 5679 2922 1638 1
657 113704 10 0.122800 4059 990 1526 1
813 142145 13 0.132700 5606 2600 1497 0
510 81153 15 0.052100 4368 1815 1439 1
735 99498 10 0.162400 4374 3806 1082 1
852 130295 16 0.089800 4234 1900 1226 0
540 62896 13 0.071800 4937 928 1263 1
915 114080 13 0.130300 4087 3757 1347 0
756 72064 15 0.185600 5400 1169 1811 1
650 79054 12 0.049900 4901 2912 1768 0
645 76348 15 0.111800 4124 3614 1424 1
666 71680 9 0.117800 5763 3043 907 0
683 110306 11 0.129100 4873 1664 1195 0
797 109401 14 0.089100 4632 1784 1481 1
551 77039 8 0.016800 5870 1825 1740 0
838 86840 14 0.141700 5043 2608 1668 1
991 115125 12 0.139800 5241 3638 962 1
916 114996 15 0.120100 5689 1364 1813 1
925 123968 10 0.133800 5505 872 1853 1
844 75072 12 0.136500 4445 2635 1712 0
875 100802 12 0.061500 5167 2916 1890 1
726 103659 16 0.092000 5196 1163 1541 0
766 94056 12 0.098800 4513 1656 1509 0
693 88243 14 0.154500 4779 1692 1985 1
847 131722 16 0.156200 4495 1424 1305 0
875 105012 14 0.117500 4506 3930 1805 0
956 128758 15 0.143800 5952 3339 1450 0
505 53529 14 0.141800 5189 1680 1618 0
679 87078 16 0.029300 4801 2010 1045 1
716 77989 14 0.063600 4884 3331 1400 1
792 103940 15 0.065500 4881 1644 1377 1
951 141166 13 0.103900 5798 1576 1761 1
510 63507 13 0.093700 5097 3202 1211 0
857 112352 15 0.146300 4079 2920 1260 0
564 65401 14 0.157800 4050 1230 1182 1
796 97290 16 0.026400 5824 2903 890 1
768 53915 16 0.082900 5192 3792 1632 0
813 105588 13 0.104400 4203 3135 1829 0
710 89639 14 0.021300 5441 2981 1536 1
848 95325 11 0.140700 5700 2563 1732 0
986 114734 10 0.120700 5241 3890 1071 0
739 112625 10 0.026500 5344 1141 1512 0
541 74707 13 0.105400 5430 2859 866 0
626 91850 13 0.134600 5015 962 1543 1
