641 89836 11 0.077600 5625 3731 920 0
702 103929 14 0.185400 5973 3976 1385 0
839 77723 13 0.081000 5456 3642 1800 0
540 84964 14 0.136000 5495 2444 1888 1
984 171653 15 0.086300 5879 2281 893 0
776 66156 17 0.094700 4059 1531 1378 0
849 127690 11 0.156900 5929 3125 1854 1
576 53208 11 0.158200 5763 2183 1861 1
745 82439 10 0.110500 5511 3445 1859 0
995 123653 16 0.036500 5918 2689 879 0
726 97335 11 0.128100 5965 957 1335 1
980 101698 11 0.081100 5420 2498 1365 0
521 60376 10 0.105100 5224 1341 1596 1
739 96979 13 0.122300 4280 2363 1285 0
715 77908 9 0.173600 5782 1478 1297 0
740 110148 13 0.126100 4581 3410 1091 1
935 132195 12 0.154100 5495 3365 1674 1
612 52279 15 0.127600 4081 951 1195 1
900 143762 16 0.068000 4238 1464 1396 0
662 83521 13 0.081300 4756 3112 1017 0
918 96283 12 0.030300 4995 3682 1711 1
603 56253 11 0.092700 4079 2298 1822 0
656 43720 13 0.092800 5830 1465 973 0
998 149865 16 0.149400 4131 2754 1299 1
744 123659 12 0.075000 4670 3550 1800 0
787 91494 15 0.124400 5244 1167 1719 1
790 92410 14 0.103100 4137 1657 1527 1
651 74039 11 0.148500 4978 2430 1074 0
925 133162 14 0.160700 5362 3864 1767 0
833 152400 12 0.058000 5943 1445 1097 1
622 73426 14 0.149400 4034 887 1233 1
528 67475 15 0.032500 4377 1833 1101 0
503 60516 15 0.103500 5499 1860 1939 1
814 80678 14 0.146900 5233 919 918 1
561 77010 13 0.078500 4807 3040 1310 1
512 70668 12 0.048300 4736 2329 1396 1
714 67356 13 0.149200 5809 3084 1274 1
542 58453 14 0.049500 5810 2551 1965 0
745 89529 13 0.157800 5624 1108 867 0
892 99919 12 0.097500 5527 2462 1094 1
698 65901 15 0.031100 5323 1758 1689 1
806 104876 12 0.157300 5510 2367 1328 0
513 82226 9 0.161600 4372 3339 1875 0
919 120835 15 0.045500 5923 1685 1890 0
893 102639 13 0.093700 4954 3489 1171 0
711 96560 12 0.097300 5087 2254 1851 1
891 73356 14 0.118000 5130 2632 1225 1
899 106201 14 0.132200 4003 3203 1919 0
509 56921 15 0.069800 5087 2111 1741 1
823 145767 12 0.071100 5842 2879 1371 0
768 102383 14 0.098000 5887 1864 1063 1
711 106172 11 0.154400 5554 3818 1056 0
578 77677 13 0.102400 4834 1703 1503 1
560 89708 10 0.071800 5707 1421 1253 1
646 68592 18 0.065900 5203 2327 1564 1
687 92114 14 0.092400 5208 1141 1128 1
900 82262 10 0.141700 5168 3486 1234 1
726 135426 14 0.027200 5427 1724 1752 1
754 118643 15 0.152300 4743 2147 1666 0
908 127790 12 0.172000 5833 3510 1435 1
802 115463 10 0.081600 5614 2857 1153 0
814 106969 10 0.057100 4284 3813 1845 0
844 62311 14 0.158800 5578 2120 1054 0
681 68800 11 0.069000 4690 1862 1062 0
896 90122 13 0.153200 5169 3659 937 0
749 112491 17 0.126600 4056 2846 1403 1
772 92603 16 0.069100 4669 1157 1250 1
594 85857 13 0.134900 4758 2921 1891 1
707 92137 14 0.103300 4233 3879 1008 1
504 50634 13 0.130500 4564 1693 900 1
742 58984 11 0.095900 5889 3580 1076 1
660 60408 16 0.039200 4469 2334 1532 1
716 116234 11 0.126100 4429 2752 1194 0
999 150993 11 0.155200 4592 3985 1108 0
779 95512 11 0.040500 5259 925 987 1
627 96956 16 0.100400 5497 3886 984 0
527 60937 15 0.120100 5958 3227 1115 0
745 116241 11 0.106500 4312 3702 1533 0
875 104031 14 0.105900 4523 2665 1828 0
663 67810 9 0.110600 4031 2992 1382 1
700 68877 8 0.056500 4656 3008 888 0
832 93917 15 0.106700 5299 3015 1122 0
601 65926 14 0.140400 4747 2288 1935 0
770 104542 16 0.077300 4479 2097 1928 0
673 67607 14 0.060800 5695 2175 1944 1
942 137153 14 0.087600 4075 2303 1201 1
861 94160 10 0.046400 5486 1382 811 0
961 83251 18 0.154600 5826 3933 1086 0
801 135364 15 0.149500 5715 2250 1932 0
563 68223 12 0.107100 5313 907 1623 1
952 106711 13 0.156700 4617 2566 1776 1
894 110622 13 0.110600 5875 2814 1410 0
877 130243 11 0.172500 4820 1338 1736 1
517 54261 16 0.123600 5148 2068 1677 1
824 104587 12 0.039500 4047 999 1466 0
716 108177 8 0.103800 5641 3166 1393 0
812 83971 12 0.101200 5975 3542 1794 1
814 120947 11 0.048300 5978 1621 879 0
992 142872 17 0.082700 4905 2152 1708 1
960 108673 13 0.050400 5340 1312 1798 1
