693 93132 13 0.086300 5423 1147 1012 1
585 76424 11 0.144400 5871 3295 1645 1
674 91292 14 0.100800 4128 1311 1716 1
585 86101 13 0.070600 5667 3101 1579 1
614 70783 16 0.066500 4507 3676 822 0
909 71959 15 0.077700 4848 1135 1540 0
855 99110 13 0.074300 4344 1125 1558 1
967 111326 9 0.063100 4147 2617 922 0
619 86628 14 0.098700 4430 3400 1409 1
513 58160 17 0.052000 4820 3920 1784 0
697 80428 17 0.030600 5239 1250 919 0
573 100013 15 0.031000 4204 3980 1795 0
594 92849 17 0.037000 4438 1090 1575 1
994 149695 12 0.108700 5441 2051 985 0
518 76229 18 0.084100 5399 3104 1531 1
807 98710 9 0.100400 4220 2056 1603 1
671 81086 15 0.106800 5862 1440 990 0
958 99102 10 0.098700 5803 3337 934 0
896 146585 16 0.141100 4898 2653 1998 0
902 89280 11 0.119300 4083 3922 952 0
724 60534 8 0.120800 5331 1465 1307 0
931 139543 11 0.122500 4106 1223 1876 0
572 55277 8 0.164200 5456 2902 1550 1
882 104887 13 0.191200 4444 3329 959 0
521 38200 10 0.091200 4740 1427 1019 0
886 107571 12 0.178200 5192 1194 1933 1
601 62379 14 0.072300 5315 2539 861 1
1000 157348 9 0.100400 5855 1868 814 1
914 115856 9 0.103800 5099 1266 1766 1
994 127527 10 0.088100 4116 1864 1490 0
845 124329 16 0.186500 4541 2739 1656 1
871 155113 13 0.112900 5420 2221 1481 0
565 53920 8 0.166200 5057 2008 1690 0
935 74547 8 0.065600 5945 1088 1433 0
578 70831 13 0.102500 5062 3302 1259 1
993 137738 12 0.048300 4606 801 814 0
989 157948 13 0.089100 4857 2834 1272 0
659 99474 14 0.112000 4916 3180 1147 1
725 54525 12 0.096800 4767 1548 1096 0
790 115323 15 0.106300 5163 2163 1856 1
531 56308 13 0.072200 5263 1531 899 0
893 107841 12 0.074200 5714 2401 1072 0
625 80379 16 0.056700 4999 1267 1609 0
864 95350 18 0.151900 4961 2027 1082 1
713 98753 12 0.093500 5435 1903 1151 0
780 112807 17 0.089700 4012 3777 986 1
983 153237 13 0.170700 5886 1331 1665 0
950 112489 9 0.113800 4294 1112 1213 1
588 72763 14 0.172900 4584 1736 1393 1
818 128402 14 0.070600 4400 1151 1257 0
973 119476 17 0.165400 5581 2094 1536 1
718 96269 15 0.074700 4198 3352 1210 0
921 127918 13 0.043400 5798 3237 1841 0
912 96171 10 0.123100 4273 2457 1713 1
509 82893 9 0.126300 4226 2613 1652 0
526 37750 11 0.055700 4532 3683 961 1
823 109319 14 0.160500 4561 2387 1013 1
863 85445 16 0.148200 4791 1934 862 0
735 88585 10 0.074200 4501 3058 836 1
656 87837 11 0.090900 5368 1414 1390 0
586 62765 10 0.060500 4262 3229 1212 1
653 58783 13 0.159400 5714 3067 1676 0
926 99588 10 0.044900 5374 3003 1236 1
822 81370 13 0.128500 4558 1351 1943 1
872 100707 13 0.089800 5086 3441 1784 0
529 49145 13 0.062800 5479 1715 1338 0
677 108204 11 0.140200 5509 3432 1487 0
927 96596 12 0.073600 5119 1435 1184 1
930 113247 12 0.120700 5390 1859 998 0
571 62990 12 0.098500 4153 2615 1620 1
789 109171 13 0.039100 5404 2645 864 0
975 166607 14 0.080600 5695 3910 974 0
506 84032 15 0.080700 5583 3436 996 1
755 84406 12 0.075200 5484 2506 1096 1
689 121007 12 0.145200 5195 1009 1601 1
731 94167 15 0.088800 5225 3395 1621 1
948 109068 11 0.065900 5636 2935 1363 1
700 89713 11 0.055200 4122 1342 1593 1
517 63023 11 0.044200 5382 3549 1586 0
690 83634 11 0.121200 5443 3308 1787 1
961 105532 16 0.088000 5581 2855 1466 1
939 114367 11 0.117400 4269 820 1142 0
699 80468 15 0.094900 5214 3128 1785 1
868 79199 12 0.011900 4038 2316 1557 0
662 69858 16 0.038800 4740 3356 888 0
632 85491 10 0.113500 5016 1548 1034 1
977 116067 15 0.082200 5871 1159 1801 1
887 143137 15 0.112800 5960 1749 1590 0
951 135919 13 0.074600 4965 1453 1730 1
594 54881 13 0.141600 4113 2278 821 1
909 151599 14 0.133500 5610 3146 1611 0
656 65318 13 0.163400 4610 2974 912 0
898 112877 15 0.130400 4277 964 1631 0
846 133096 13 0.076700 4638 2731 1383 1
870 140819 13 0.013400 4074 3977 1890 1
949 149376 11 0.062500 4010 2188 1390 1
919 114100 12 0.074100 5722 1194 1950 1
946 109106 16 0.069300 5605 1813 1896 1
746 61029 13 0.052700 5280 2676 1330 0
555 81199 12 0.052200 4886 3274 1567 0
