700 88597 9 0.099900 5901 1322 1980 0
954 118636 12 0.137100 5237 3378 1711 1
551 66988 11 0.159700 4137 3498 1645 1
959 126076 12 0.073900 5080 2671 1774 0
945 110412 14 0.115900 5440 1983 877 0
943 96290 13 0.064000 5198 957 1437 1
643 77779 17 0.070400 5620 2697 1622 0
530 57854 13 0.161200 5757 2066 1657 0
512 54831 10 0.088900 4068 986 1754 0
917 99420 12 0.126800 4716 1133 1316 0
553 74411 15 0.079600 5904 3931 1787 0
791 63684 18 0.110900 4981 2372 1828 1
695 88817 9 0.074300 5904 3033 1596 0
644 51601 11 0.086000 5766 1055 1190 0
925 133954 11 0.117700 4858 3667 902 0
673 78064 9 0.105500 5490 1509 1163 1
907 98994 10 0.110700 4103 1823 1462 1
974 116739 12 0.098500 4245 2514 1871 1
719 95543 9 0.127300 5383 2293 888 1
979 141641 9 0.085800 4118 2817 1765 0
514 75416 17 0.111200 4064 2464 1489 1
683 95501 14 0.098500 5405 2120 1688 0
972 98425 13 0.139100 4310 1245 1594 0
716 78464 14 0.181800 4710 2326 1924 1
675 88594 11 0.070600 4017 1511 1100 1
939 129809 17 0.054600 5381 2990 1609 1
756 104141 13 0.110300 5595 1003 1321 0
798 109386 14 0.083200 4037 1723 1331 1
823 123977 8 0.055200 5954 2066 1642 1
622 55284 16 0.137800 5788 3347 1956 0
836 102190 13 0.089000 5956 2747 1899 1
766 121487 12 0.132800 5275 1623 1468 1
730 89911 13 0.137800 4017 1528 1228 0
589 72421 12 0.028300 5797 2301 1514 0
663 80084 8 0.139500 5187 1549 1917 0
540 93041 14 0.175300 5140 3514 1511 1
891 103977 13 0.113900 5002 1073 1991 1
880 81850 13 0.111700 4204 2679 1115 1
994 114710 13 0.034000 4916 2514 1494 0
731 88046 14 0.100600 4381 3108 1618 1
516 52261 14 0.125000 4973 2137 1031 0
894 123030 13 0.145800 5556 3716 1721 0
954 83502 11 0.128700 4209 3291 966 0
587 75626 10 0.096600 4122 970 1406 1
885 126000 15 0.081300 5858 3830 1416 1
778 71943 15 0.141200 4293 1609 1329 0
657 67938 13 0.074700 5984 1219 1932 1
537 79172 15 0.064500 4418 2948 1003 0
713 62304 11 0.113800 4212 3795 892 0
964 116180 15 0.037700 5252 1438 1763 1
621 69762 12 0.131200 5212 2046 928 1
936 89394 11 0.081600 4427 1753 1782 1
914 71095 9 0.068800 4883 1300 1859 1
835 104383 11 0.122100 5895 3744 1726 1
503 52144 10 0.037600 4253 1213 1396 1
538 64551 13 0.102700 5225 1791 972 0
640 62948 13 0.089300 5841 1090 1762 0
964 114557 10 0.092200 4882 1036 1538 1
740 66931 12 0.175000 4330 1920 1597 0
903 76182 17 0.127900 4098 970 1632 1
831 79287 13 0.069300 4306 3265 838 1
607 56953 8 0.160500 5739 3057 1603 1
604 47708 13 0.094600 4957 2547 1838 1
586 89401 11 0.065900 5203 3388 1460 0
544 41407 13 0.059300 5508 2256 1264 0
906 141080 10 0.085900 4170 1871 1350 1
657 86408 13 0.164800 5452 3291 1884 0
512 71567 13 0.091800 5792 3229 1474 0
622 74385 13 0.093600 4210 3959 1912 0
725 90580 15 0.152200 5570 3860 1843 1
662 79168 15 0.093900 4190 1489 1593 1
713 117479 15 0.138300 5620 955 1740 1
937 88886 17 0.127100 4508 1078 1426 1
568 100750 12 0.140000 4961 2346 1263 1
650 84255 14 0.094900 4142 882 1835 0
866 88019 15 0.092900 4662 3573 1423 1
673 99849 13 0.091000 5931 896 1930 0
918 84501 12 0.130100 5163 1676 1209 1
938 75031 8 0.153000 5793 2325 927 1
523 82410 14 0.137300 4319 2907 1218 1
774 80029 13 0.055700 4993 3530 873 0
539 79212 10 0.090700 4885 3637 1185 1
580 98054 12 0.123700 5892 2983 1229 1
748 118132 13 0.119200 5010 1552 934 0
818 94692 13 0.098100 4893 2234 1690 0
635 82824 12 0.165000 5953 2335 956 0
699 117344 14 0.061600 4106 3882 1904 0
989 105649 14 0.120800 5530 2383 1051 0
625 88225 9 0.074500 4776 2864 1644 0
792 76297 14 0.117700 4724 1399 1851 1
613 55058 15 0.124200 4768 3084 1605 0
505 53677 14 0.146300 5160 3900 1478 1
523 61324 9 0.113300 4789 1489 1348 1
710 90920 17 0.049600 4703 1535 1132 0
965 122802 11 0.161300 5347 2761 1204 0
789 100519 14 0.119600 4319 1610 1206 0
510 55158 10 0.105100 4010 924 1404 0
667 83818 13 0.069200 5777 2180 1669 0
852 112103 14 0.136600 4024 2754 1065 0
918 119285 10 0.121200 4029 1794 1185 1
