617 88718 12 0.046300 5387 1833 1997 1
552 85387 11 0.132600 4282 3758 1081 0
651 80548 9 0.086400 5982 2068 1136 1
916 139585 13 0.141500 5991 3966 809 0
680 86789 11 0.145300 5990 839 1969 1
641 62019 15 0.117200 4632 3554 1302 0
851 135637 13 0.104600 5282 3959 1510 0
727 66507 10 0.089300 5327 2093 1827 0
990 90861 18 0.080600 4263 1560 997 1
550 78047 14 0.055100 5283 1086 877 1
796 83277 12 0.136600 5850 1829 1180 1
858 99036 13 0.171600 5228 3835 1063 0
657 85596 13 0.083700 5246 1150 1200 1
801 104167 13 0.119400 5172 2623 1964 1
530 64075 14 0.086100 5805 973 1635 0
695 80398 16 0.122800 4979 2472 1455 0
608 75821 16 0.171700 5018 2938 1703 0
616 68778 11 0.043100 5527 2799 1883 0
872 68956 14 0.133200 5559 3139 1852 1
793 138532 15 0.107000 4139 3793 1025 0
718 75958 17 0.103200 5831 1053 1072 1
930 159885 15 0.172500 4489 1527 1756 0
597 82231 14 0.155800 4658 2201 1297 0
752 111212 12 0.165900 5022 1063 1424 1
670 89522 15 0.052700 5725 3517 1047 1
718 65879 10 0.087600 5287 1565 839 0
813 116642 13 0.116000 5394 2899 1552 0
533 86078 15 0.175900 5929 2941 1416 1
909 80224 12 0.110700 4239 2555 1185 0
895 122200 10 0.101800 5163 3135 1418 0
768 90086 13 0.054800 4039 3934 1758 0
834 125986 12 0.165100 5872 1815 1837 0
950 126010 16 0.088000 5896 2195 1274 1
661 76753 13 0.084500 4314 3338 1338 0
582 72611 9 0.098900 4475 2469 1032 1
867 103290 17 0.116000 4510 3522 1983 0
641 69411 13 0.115500 4613 2581 1681 1
978 161640 14 0.086800 5127 2091 919 0
738 105356 11 0.085900 5882 1567 1106 0
543 74611 16 0.121000 4853 2389 987 0
878 103211 11 0.111300 4036 2387 1603 1
951 148343 13 0.052400 5039 3606 832 1
730 76278 10 0.062300 5769 2516 807 0
734 84283 14 0.096300 5643 2792 1678 0
990 115191 18 0.115100 4610 3900 1597 1
947 150793 14 0.107000 5719 3518 853 1
875 143652 11 0.045800 4440 3123 1686 1
609 75871 15 0.041500 5857 1399 823 0
911 123772 13 0.081800 4512 2740 1971 1
600 94342 10 0.151500 4647 1741 1906 1
725 64109 15 0.155000 4826 3667 829 0
839 123331 12 0.098900 5821 821 1427 1
769 68657 15 0.074400 4761 1980 1381 1
750 75070 14 0.161100 4903 1947 1696 0
731 92132 12 0.104900 5555 1591 837 1
771 90659 12 0.104900 5941 3963 1907 1
874 105034 11 0.099100 5336 879 1724 0
886 78114 14 0.080300 5153 2141 1722 0
731 60758 13 0.156600 4946 942 1952 1
995 70994 14 0.091800 4919 2196 1106 1
571 83574 16 0.071200 5017 2033 1828 1
572 58516 12 0.130600 5901 2583 1527 1
967 168559 14 0.127400 4839 3126 1881 0
950 135518 13 0.078800 5104 1206 1764 0
738 87660 10 0.129400 4777 863 1063 0
811 95605 16 0.086300 5724 1094 1259 1
517 62797 13 0.054300 5258 1583 1734 0
701 81027 11 0.117900 4504 1134 1263 1
890 68066 12 0.058100 4963 1526 1258 0
865 119829 17 0.136600 5608 965 1896 1
592 67267 11 0.090100 5826 3975 1736 0
809 116185 12 0.122900 4879 3935 1057 1
794 65543 15 0.123700 5988 2243 911 1
761 115034 15 0.039000 6000 1367 997 1
825 109681 16 0.047500 5249 2493 1422 0
912 105462 13 0.097100 4384 1337 826 0
539 67768 14 0.106000 5065 3682 1517 0
624 78997 12 0.131100 4820 3368 1952 0
599 81168 13 0.100500 5976 873 1726 1
716 104697 11 0.100000 5816 1321 1317 0
627 84050 12 0.167400 5767 2209 861 1
598 84531 15 0.170000 5722 2166 937 1
648 74416 11 0.055600 4595 2068 875 1
593 96974 17 0.093400 5081 2737 1406 0
917 105705 13 0.165200 4996 1007 843 0
748 85739 14 0.124800 4556 3329 1292 0
920 95342 11 0.176200 4863 2029 1623 1
718 87160 10 0.072200 4029 2806 1321 1
970 120528 12 0.051200 5314 3537 1443 1
813 88780 14 0.041500 5248 2087 1701 1
531 67714 13 0.136100 5279 2709 1800 0
645 80820 16 0.121900 4692 1558 955 0
620 75107 13 0.117700 4822 1907 1532 0
638 93313 14 0.032200 4994 2637 1017 0
635 103878 11 0.070900 4119 2106 1501 1
654 107141 14 0.146100 5941 3440 1860 1
838 93163 15 0.018400 4180 2453 1395 0
594 69158 14 0.064200 5089 2943 973 1
717 100494 16 0.070400 4358 2276 1628 1
895 137954 15 0.097000 5771 3452 805 1
