781 86334 10 0.174600 4260 3607 1003 0
646 84851 13 0.096000 5526 3093 1596 1
517 73191 13 0.099600 5790 3528 1720 1
878 97033 15 0.065500 5227 2804 1102 0
962 94406 13 0.179000 5248 2894 808 1
917 125945 16 0.148800 5121 3340 1905 0
589 87007 9 0.034500 4188 2966 1693 0
944 103936 14 0.070800 5594 3746 1782 0
623 72915 15 0.049800 5130 3635 1241 0
684 98752 17 0.177700 4282 3353 1095 0
973 115497 12 0.120400 4085 2671 1463 0
570 100486 10 0.081000 5081 1494 1333 0
840 109827 14 0.129400 5447 3081 1743 1
515 80515 12 0.136500 5901 3332 1353 0
636 97587 16 0.173200 5399 3469 1911 0
830 110927 11 0.059900 4304 863 1247 1
756 84665 13 0.170700 5990 2594 1836 1
706 116892 13 0.057800 5654 1379 855 0
912 123841 17 0.102200 4002 3174 1657 0
949 119012 10 0.072900 4695 1883 1809 1
943 171899 8 0.073900 4532 3865 880 1
685 94537 12 0.128300 5680 2053 1802 0
587 92602 12 0.051900 5215 2754 1527 1
893 113033 11 0.070400 5445 1920 1191 0
943 114151 12 0.070500 5624 1861 1143 1
967 148620 10 0.126900 5091 3473 1790 0
642 67514 11 0.164500 4210 3579 1090 1
661 90648 8 0.132500 4329 3805 1991 0
651 86692 16 0.138300 5759 835 1384 0
509 70604 15 0.040700 4359 1152 1327 0
802 93178 11 0.118600 4179 2056 1508 1
773 95443 10 0.171800 4395 3219 1588 0
694 67846 12 0.129900 4669 1448 1905 0
599 61654 12 0.039100 5771 3107 1041 1
550 60786 11 0.139000 5850 2637 1991 1
621 108431 12 0.108600 4030 3158 1596 1
699 70026 9 0.061400 5542 3862 1556 1
530 40234 10 0.085100 5347 2769 904 0
583 54815 15 0.134500 5121 3589 1290 0
821 151771 14 0.101800 5235 1661 1672 1
533 69873 14 0.131000 4514 1921 1078 1
994 130774 12 0.019800 4465 925 1434 0
988 130408 16 0.103100 5537 1631 1539 1
805 116838 13 0.076300 5488 1743 1922 0
997 147023 14 0.125500 4943 3488 852 1
702 109357 11 0.067900 5920 3322 1317 0
518 63124 13 0.025900 4091 1181 1156 1
883 95549 12 0.028900 4655 1981 1715 0
542 69838 15 0.097800 4066 1224 1984 1
956 96913 11 0.129000 4875 3236 1466 0
710 111970 16 0.048300 5658 3266 1045 1
725 71250 8 0.064100 5577 2350 1680 0
996 128754 18 0.082800 4686 1354 1592 0
651 113273 9 0.085600 5681 3428 1483 0
509 52851 14 0.091200 5763 898 903 0
760 110894 16 0.036500 4608 3481 1513 0
830 82257 14 0.135400 4958 3876 837 1
895 147889 12 0.060100 4782 1605 909 1
817 143894 10 0.157500 5716 3478 1806 1
579 82064 17 0.107600 5728 864 1515 1
906 116974 9 0.082600 5152 2291 1636 1
607 69503 12 0.037500 4573 1891 1709 1
503 52609 14 0.078800 5651 2549 1549 1
547 69740 15 0.096800 5773 2685 802 1
999 103562 15 0.088600 4073 2616 1523 0
619 59040 16 0.106800 5890 1043 1997 1
595 82387 14 0.114500 4132 3053 1950 0
588 95464 8 0.081000 5654 1061 950 0
871 94542 11 0.126900 5115 1821 1944 1
660 93463 12 0.015700 5559 3655 892 0
765 75572 14 0.065500 4317 1451 916 0
914 92020 11 0.113400 5773 3953 1770 0
704 58908 13 0.037000 5255 1833 1127 1
844 123392 14 0.085400 5070 3772 1937 0
955 139693 15 0.135300 4288 2851 1399 0
651 87441 13 0.065100 4745 2669 1370 1
949 138533 12 0.077500 4829 3715 1256 0
830 140119 15 0.088900 4071 914 1329 1
511 59827 13 0.079200 5828 1355 994 1
938 113433 12 0.015400 5814 3857 1162 0
844 81422 11 0.137600 5864 3513 1437 0
821 117320 14 0.034900 4403 3020 805 0
612 91340 11 0.114700 5586 2964 1851 1
876 89467 11 0.090800 5322 2132 1986 0
794 75649 10 0.130000 4896 2323 1730 0
584 63642 11 0.095500 4781 3121 1727 0
790 73730 14 0.147800 5341 1178 1026 1
695 88980 12 0.077800 4299 3779 1474 1
948 160861 11 0.084300 5641 1430 916 0
768 133533 14 0.070600 5523 2696 1288 1
653 82728 10 0.088200 4763 2217 1983 1
667 72741 8 0.142500 4078 2306 1671 1
618 97746 13 0.136300 4891 3518 809 1
603 52740 12 0.101400 5849 3916 1755 1
641 90828 13 0.123100 4539 2027 1619 1
787 100557 8 0.076000 5441 1608 1195 1
847 82600 12 0.087000 4828 2694 1766 1
666 108897 11 0.021800 4150 2730 1651 0
586 74490 13 0.038400 4872 1736 1701 1
704 74202 12 0.085200 5721 3332 1959 1
