768 116700 14 0.108900 5476 983 1771 0
605 64033 13 0.084800 4467 2865 815 0
688 69009 15 0.105300 4593 3413 1639 0
825 148356 13 0.054700 4491 3189 1478 0
916 103297 13 0.108600 4248 3438 1242 1
742 89480 15 0.092800 5100 1941 1072 0
560 55235 14 0.057500 4066 1464 1250 0
656 102524 10 0.144100 5102 3158 1137 1
524 59802 11 0.172100 5372 2359 842 1
542 95593 13 0.153600 4885 3037 1523 1
810 132190 14 0.158400 5324 1589 1029 0
714 69473 11 0.110900 5983 2271 1317 0
867 121331 15 0.119600 5492 1237 1411 1
770 101798 11 0.087100 5382 2110 1221 1
604 94368 12 0.069300 4670 2485 1397 0
745 72624 14 0.036100 4030 1095 1886 0
509 42515 13 0.139500 5891 2754 1278 1
569 70100 11 0.048900 4102 3275 1788 0
926 141400 13 0.035300 5902 3423 1083 0
561 67814 14 0.058900 4504 3313 1306 0
779 85377 17 0.159000 5741 2225 1492 1
893 100310 10 0.084800 5075 2740 857 1
945 111629 11 0.116200 5473 2919 1110 1
814 104733 11 0.061500 5082 2295 1928 0
996 114514 13 0.073200 5717 2987 1948 0
825 67182 11 0.082900 5520 1893 1119 1
945 124177 12 0.076500 5596 2404 1577 0
983 147811 12 0.044600 4082 2348 1783 0
984 87518 11 0.076600 4750 3563 1361 0
685 114668 12 0.096200 5421 2920 1937 1
697 64504 11 0.014100 4776 3909 1194 1
912 126845 13 0.108400 4232 3073 1808 0
578 79771 10 0.032000 4501 2752 1104 1
607 46932 14 0.046700 5018 1478 879 1
528 68192 14 0.094200 4891 1752 1002 0
814 101754 9 0.094800 5378 2082 949 1
879 98309 8 0.132500 5453 1600 1829 1
684 90670 13 0.071600 5812 3728 1802 0
859 103042 16 0.071500 5335 2818 828 1
588 46969 12 0.105000 4202 1372 889 0
790 121436 14 0.070500 4882 2307 971 0
774 118513 17 0.127700 5054 2257 1942 1
806 97584 11 0.061900 4422 2963 1128 0
815 64101 15 0.080400 4763 3368 1601 1
659 92955 14 0.148100 4666 3605 1610 0
963 132202 15 0.160500 4281 1067 1339 0
934 98545 16 0.077500 5247 1484 1932 0
736 101826 10 0.066600 4226 2077 1270 1
558 61803 14 0.046700 4855 1070 1389 0
524 75288 13 0.128100 4194 3027 1439 1
679 103060 15 0.127300 4756 1531 1631 1
936 146791 18 0.121300 5513 1008 1786 1
838 94389 14 0.121300 5448 2050 1858 1
866 94727 15 0.056800 5432 3086 1580 1
502 82438 18 0.175100 4773 2890 1273 1
630 102176 13 0.007300 5776 3437 1834 0
974 137065 15 0.142100 4791 3194 915 1
950 110143 11 0.182400 4950 3141 1680 0
782 99862 9 0.075900 4349 1418 1806 1
986 147255 11 0.089500 5709 1940 860 1
922 95761 11 0.044800 5496 2116 1111 0
622 101781 13 0.054600 4695 1812 1222 1
904 81240 10 0.159000 5899 3608 980 1
897 109074 12 0.148800 5781 1670 1706 0
669 96090 13 0.120600 4093 3767 950 0
599 66801 14 0.077500 4162 3505 1540 0
980 177245 10 0.125400 4669 3741 1621 1
573 54710 13 0.156300 5401 2430 1933 1
634 52380 17 0.103600 5879 1020 1714 0
934 97716 16 0.169900 4210 2023 1623 0
904 135576 13 0.130000 4425 3539 1450 1
505 53851 13 0.118400 5626 1074 1654 1
973 89366 12 0.152100 5945 2236 1271 0
858 99823 12 0.117600 4901 1468 1937 1
515 68485 13 0.112800 5138 935 1169 0
660 95896 12 0.101300 5386 1335 999 0
863 95013 12 0.109700 4905 2202 1198 0
792 141254 13 0.192200 5790 2267 1924 0
660 91897 14 0.079600 5523 3826 1802 0
931 140764 14 0.153200 4655 829 1157 0
602 71489 13 0.151300 4891 2860 1633 0
690 77606 15 0.064500 4953 3231 1667 1
702 72416 13 0.112500 5962 2671 1997 1
685 88236 16 0.020400 5191 2495 1075 1
862 123804 14 0.069500 5620 2189 1382 1
824 144213 14 0.099900 5609 3942 1107 1
816 98105 12 0.148000 5367 896 1655 1
735 117577 15 0.043900 5429 2602 992 1
607 101268 15 0.062500 4906 3776 872 1
838 117258 17 0.137600 4467 1467 1495 0
638 72574 13 0.071500 4518 1998 1085 0
841 122240 9 0.075800 5448 2016 1803 1
978 73573 14 0.098400 4728 2065 910 0
540 65433 16 0.193600 5631 1144 867 0
700 66226 15 0.125800 5756 2617 904 1
523 79599 14 0.161900 5316 1713 1039 0
995 127991 12 0.125600 4928 3324 1301 0
589 77314 13 0.102400 5480 2323 873 1
601 76987 13 0.126300 5635 1385 1586 1
953 120526 13 0.136900 4529 2885 1639 1
