953 94754 12 0.108900 4236 3263 1838 1
967 86365 12 0.091400 5832 3787 1510 1
664 87404 14 0.137800 5244 1033 1344 0
758 91582 13 0.098300 5707 3782 982 1
837 143706 14 0.126300 4510 2627 1312 0
696 103729 12 0.062600 5502 1978 1463 1
797 118002 18 0.081600 5713 3367 1594 1
986 112271 13 0.165400 5743 3489 1036 1
574 60990 10 0.195100 4890 3465 1473 1
550 93928 12 0.049200 5580 3085 1764 0
992 121651 13 0.113000 4191 1562 1250 1
975 137578 14 0.089200 4151 2595 977 0
643 59235 13 0.073600 4710 2486 826 0
841 104170 12 0.132200 5786 3134 988 1
816 98021 10 0.084400 5832 3577 1766 0
820 87352 10 0.158300 5117 3635 1937 0
671 89829 13 0.103000 4884 3877 1834 1
901 96320 13 0.141100 5335 2739 1879 1
683 76047 17 0.053500 5423 2607 1916 0
569 55473 11 0.104400 5695 3090 903 0
652 93019 8 0.111600 4688 2812 1499 0
591 76862 17 0.094000 5045 3431 1054 1
618 85222 12 0.025600 5917 2277 1910 1
951 110904 11 0.185400 4691 3273 1219 1
730 102953 11 0.116500 4505 3266 1692 0
832 89203 16 0.110300 5102 2292 1058 1
964 92290 8 0.192100 5273 2704 1963 0
575 87912 15 0.105800 4137 1191 828 0
835 144229 10 0.081400 4046 3521 1138 1
884 79723 17 0.019700 5641 3691 1083 1
539 50970 13 0.092500 4063 3289 1902 0
608 66224 15 0.086900 4819 2349 1260 0
647 77091 10 0.098100 4540 1769 977 1
570 72770 16 0.125400 5511 1302 1771 1
687 118408 12 0.067500 5217 1832 1546 0
885 123670 14 0.131300 4581 3937 1246 1
712 108794 16 0.128600 5686 3046 1333 0
666 89195 12 0.104400 4564 3049 1562 1
514 45252 14 0.090700 4535 2611 1688 1
974 87477 11 0.131200 5759 859 909 1
608 60210 14 0.063600 5259 2430 810 1
987 144075 12 0.107200 4294 3523 1703 0
541 67759 10 0.092300 4160 1492 1721 1
897 139544 10 0.121000 5992 1530 1923 0
890 73777 12 0.143000 5695 3196 1681 0
833 98357 13 0.089600 5696 2686 969 1
966 97171 9 0.067500 5439 3386 1453 1
732 100191 16 0.167800 4383 2076 1350 1
948 151338 11 0.103900 5247 3766 1202 1
753 113432 17 0.067100 5630 1289 1033 1
822 112935 13 0.108100 5850 3495 1255 0
848 99339 11 0.146500 5320 2827 1698 1
910 137954 9 0.096300 4627 3802 1041 0
926 75819 14 0.067300 5980 2634 1800 0
899 116276 13 0.182900 4914 1842 1440 0
615 91268 16 0.085600 5080 823 1384 0
926 124839 9 0.051600 5516 3884 1384 1
798 129858 16 0.089300 4516 3302 1274 0
762 86031 17 0.056600 4139 1833 1266 0
940 96022 13 0.096800 4900 1604 1518 0
742 105254 9 0.089000 5804 2057 1950 0
945 128539 15 0.156700 5906 1779 1371 0
500 66863 14 0.095700 5148 3987 1865 0
888 122997 10 0.100000 4487 1693 1452 1
905 104352 17 0.099800 5636 2952 1988 1
518 78597 12 0.043000 5950 1639 1774 0
760 77627 16 0.088800 5935 3596 814 1
563 84254 14 0.073900 4087 2946 1902 0
685 101308 17 0.173100 5888 2626 1426 0
848 94485 13 0.069400 5475 3399 1554 1
743 103945 10 0.045400 5501 3495 1193 0
876 110734 11 0.132600 4294 2340 1295 0
979 120357 16 0.122000 5558 2290 1343 1
544 58403 10 0.142900 5829 1696 1284 1
840 103153 15 0.133300 5435 1197 1133 1
610 76456 12 0.084500 5801 1298 1601 0
536 60116 13 0.161500 5233 3290 1383 0
911 121925 13 0.157500 4484 1147 1788 1
509 77924 13 0.112600 5101 1865 948 1
588 73519 11 0.129300 5428 1630 939 0
737 77815 12 0.040600 4026 2145 1605 0
843 113626 17 0.115000 5842 2811 1042 0
957 84725 13 0.138900 4811 1738 853 0
685 118404 10 0.099400 4381 2458 1523 0
595 66089 16 0.095000 5076 1759 1841 1
913 131042 14 0.109000 5828 3682 1722 1
670 94685 13 0.115300 4940 1139 999 0
961 131368 13 0.061000 4067 1391 1780 0
521 54606 8 0.095100 5507 3427 852 1
734 101199 13 0.104000 4408 2719 1535 1
776 85801 14 0.151600 5605 2849 1705 0
678 68924 9 0.137400 4779 3651 1119 0
757 92496 8 0.133000 4091 2974 1554 1
805 117553 10 0.085400 4839 1727 952 1
830 106642 13 0.106700 4861 1538 1865 1
783 105710 11 0.026000 5934 1851 892 0
541 56524 12 0.048600 4455 3587 1331 1
810 102993 15 0.163300 4162 3574 1677 1
964 82748 12 0.128300 4711 1331 1837 0
865 86599 15 0.134100 5091 1308 1628 0
