612 50831 11 0.041100 4728 3662 1831 1
893 81938 15 0.165500 4381 3351 1201 1
599 94215 14 0.117700 5829 3212 996 0
646 83316 9 0.102400 5348 3960 1730 0
958 81261 15 0.081800 5388 2637 1483 0
827 86685 12 0.177700 4930 3054 1725 0
992 115558 13 0.095200 5503 3610 1460 1
528 77968 12 0.052800 4324 2237 1465 1
882 106123 15 0.162800 5447 3848 1290 0
600 63304 14 0.172300 5914 3377 1677 1
955 121247 10 0.101700 5720 2837 1876 1
743 64980 14 0.148900 5236 3796 1786 0
601 78081 9 0.089600 4815 2872 1932 1
775 97395 15 0.103000 5786 1302 1139 0
747 112622 10 0.080400 4531 1241 1549 1
690 103237 14 0.100100 4566 2547 1461 0
827 110045 11 0.073200 5291 2488 1341 0
652 46195 11 0.159600 4181 3300 1606 0
814 115274 11 0.071300 4281 1664 1875 1
887 133254 14 0.134100 4052 850 1374 1
939 117672 14 0.044300 5750 3942 1151 1
630 75486 13 0.114300 5518 3431 1618 1
588 88900 12 0.113500 5927 1921 1235 1
982 150689 17 0.145500 4844 1104 917 1
840 62632 10 0.082000 4836 1405 1328 0
584 92896 14 0.040300 4095 3166 1680 1
629 72729 10 0.057400 4921 929 1239 0
609 79277 15 0.082500 5388 1750 867 1
903 107909 13 0.118500 4593 2077 1952 1
671 110925 12 0.055500 5612 2647 1756 1
736 98697 13 0.056800 5937 1064 1020 1
866 81052 17 0.057900 4787 844 1760 0
816 55543 14 0.143400 5559 1448 1291 1
537 63866 11 0.098400 5793 2311 1179 0
544 83887 12 0.146800 5524 3818 816 1
943 101850 14 0.035400 4149 2188 1982 1
768 117079 9 0.055300 4203 998 1138 1
903 117663 13 0.088500 5199 3996 1374 1
701 89296 12 0.162600 5672 1255 1534 0
682 94317 15 0.139000 4499 3040 1231 0
574 58488 11 0.091100 4266 2294 1177 1
731 105741 11 0.172900 5813 994 1160 0
654 91635 17 0.106400 4814 1948 1930 1
632 60504 9 0.101800 5733 3048 1386 1
605 81134 9 0.054700 5087 2394 898 0
846 93629 14 0.103100 5904 2258 1292 1
638 86492 11 0.188100 5221 1435 1539 1
600 77753 16 0.127800 5702 1774 1346 1
740 68178 11 0.108600 4013 2895 991 1
922 110403 9 0.051600 4409 1907 1501 1
1000 138400 14 0.110900 5059 3661 1717 0
967 110804 13 0.119900 4262 3883 1290 0
786 113029 11 0.081000 5308 3710 1553 1
715 58392 11 0.039600 4733 917 925 0
595 91500 12 0.121900 5108 1386 1675 0
740 132731 15 0.090500 5611 1743 1951 0
570 82556 10 0.033300 4829 2741 1092 1
558 73449 14 0.111300 4867 2103 974 0
631 88281 14 0.127800 5485 3570 1153 0
873 137416 16 0.090700 5920 3707 1034 0
502 74476 12 0.103400 4409 1327 942 1
970 145111 13 0.083600 4100 1290 990 1
614 71135 13 0.086100 4840 3355 1791 0
745 84085 12 0.033900 4057 3560 935 0
561 56198 15 0.150100 5799 3951 928 0
746 68063 10 0.094500 4415 3365 1290 1
941 83976 9 0.060500 4802 1473 1121 1
837 95068 15 0.183300 5194 1749 971 1
782 90556 18 0.076600 4189 2838 1015 1
614 84742 16 0.102000 5883 3408 1072 0
813 86504 14 0.165800 4708 1932 972 1
1000 143206 14 0.131800 4901 1787 996 1
612 63813 10 0.177600 4241 1156 1045 0
736 81773 13 0.078900 5006 1997 1853 0
701 74507 16 0.090800 4560 2746 1778 1
821 82957 10 0.063200 4962 3591 1226 0
804 106718 12 0.143800 5739 3759 1596 1
628 57728 8 0.182400 5497 2324 906 0
924 142189 13 0.029600 5797 3579 1316 0
644 56507 13 0.099300 4915 2385 1779 0
962 96269 12 0.158100 5911 1042 946 1
530 74652 12 0.079800 4119 1612 1921 0
973 141958 12 0.136100 4901 1771 1057 1
806 105492 12 0.062800 4437 1483 1317 0
995 98677 16 0.065000 4492 2954 1058 0
786 88036 14 0.055600 5447 3596 1222 0
882 138202 14 0.183000 5977 3416 1659 0
647 77182 14 0.145500 4002 1293 1757 0
544 38262 12 0.102100 4891 1254 1667 1
685 66644 13 0.117000 4444 973 1103 1
868 103208 12 0.166900 5863 2188 1289 0
520 71718 16 0.107300 5972 1479 1310 0
876 101303 12 0.114400 4255 996 1474 0
800 83357 18 0.115900 4596 3306 1618 0
533 57891 13 0.148500 4988 3557 1090 1
858 108454 12 0.075300 5436 3306 1557 0
656 84129 15 0.195500 5554 2629 1222 0
732 126769 13 0.078900 5266 1637 1345 0
770 78936 11 0.038800 5161 3646 1651 0
709 81226 14 0.117200 5318 2287 1009 1
