702 320811 18 0.155300 4963 3842 1264 0
733 267154 14 0.178700 5908 2954 1073 1
520 171687 15 0.041700 5739 3322 1108 0
653 271278 13 0.006100 4592 3315 1198 1
851 313943 15 0.064400 4082 2902 932 1
696 272132 16 0.016600 5263 2343 1521 1
837 187594 14 0.070900 5857 2542 1658 1
625 234341 11 0.136600 4683 2834 1880 1
913 353161 15 0.178300 5257 3514 1538 1
789 227652 11 0.067700 4981 3197 1434 0
828 304793 15 0.132000 4350 2455 1724 1
777 317819 11 0.059600 5228 3185 1705 1
876 315863 9 0.130600 4876 1268 861 0
953 186306 17 0.141900 5712 3144 956 0
722 249189 15 0.142500 4021 1422 1327 1
788 270932 15 0.008400 5928 2140 1901 0
840 376211 12 0.064400 5411 2894 851 0
917 409982 15 0.106500 4210 3732 1685 1
958 307940 17 0.142300 4742 3986 1570 1
524 169011 19 0.128600 4387 3858 1061 1
857 336528 14 0.072200 5388 1506 1942 1
635 221790 15 0.130300 5522 2606 1868 1
991 282513 17 0.128600 5270 1766 1260 0
805 250242 13 0.107600 5938 3225 1194 1
558 138942 12 0.182400 5779 3889 1166 1
903 320603 17 0.073300 5799 913 986 1
705 268208 14 0.084600 4329 2725 1676 0
613 244752 13 0.091500 5800 1593 1001 1
998 402672 19 0.091600 4026 3449 931 1
768 258734 17 0.036600 5173 1930 1979 0
749 225812 16 0.116800 4690 3767 1539 1
649 260350 17 0.062600 5564 1367 1247 0
995 330358 16 0.082800 5143 3919 1257 1
534 199491 13 0.126200 5608 3634 1688 0
519 153000 16 0.082800 5688 1861 1028 0
563 197960 9 0.060600 4804 2510 1259 1
873 246572 18 0.143900 4999 3739 1999 0
576 193160 13 0.132600 4390 2434 1925 1
814 269240 14 0.077400 5293 3446 1411 0
523 167566 13 0.165700 5996 2296 915 0
518 215521 15 0.048100 4147 1378 1585 1
935 306879 17 0.077900 4520 3614 1802 0
716 178144 11 0.127600 5954 3237 1404 0
603 236160 18 0.072400 4803 2120 1611 0
615 176443 12 0.044300 5283 1582 1851 1
902 349785 18 0.162700 4823 1105 1820 0
758 235158 13 0.105900 5557 1429 1399 0
531 143218 15 0.083000 4122 1684 1779 0
805 218708 19 0.108900 5280 2879 983 0
838 252102 8 0.025800 4193 3107 1997 0
939 366170 14 0.087200 5879 2997 991 0
819 273171 11 0.102300 5976 1404 1879 0
741 218448 16 0.144600 4409 3988 1460 0
851 203883 13 0.175300 4844 2208 1701 0
696 119515 16 0.061300 5019 1884 1649 1
795 290775 14 0.003900 5059 2312 821 1
611 226044 12 0.115100 5432 3938 1094 0
682 241831 14 0.115500 4462 2105 1917 1
615 152332 18 0.114000 4934 3207 1839 1
868 376981 16 0.176200 4407 1003 1027 1
667 297079 19 0.111500 5917 2887 1488 1
670 230841 15 0.151400 5731 3554 858 0
750 227395 14 0.165200 4263 1797 825 1
940 322637 13 0.125000 4212 3882 1884 1
761 265095 13 0.182300 4646 1096 1850 0
724 343115 15 0.115100 4272 3041 1182 0
672 228582 10 0.013900 5024 1291 1442 0
986 423986 10 0.109200 5493 1031 1107 1
544 252356 17 0.135300 5597 3868 1719 0
931 214063 15 0.125000 5770 3023 1853 0
592 217239 17 0.104700 5340 3382 1164 1
723 233767 13 0.112000 5576 2272 1930 0
585 190476 14 0.044800 4241 1085 1549 1
708 271222 14 0.075600 5740 3535 1040 0
820 351082 13 0.152300 4837 3734 903 0
785 263691 17 0.158100 4690 3959 1101 1
639 176748 18 0.094200 4505 2468 1640 1
978 408795 16 0.076700 4923 3086 1945 0
551 164371 13 0.048200 5738 2287 1803 0
868 356986 13 0.092900 4579 2890 1631 1
874 355609 16 0.095900 4560 990 957 0
580 245090 10 0.028900 4069 2603 1523 1
779 244415 15 0.052900 4191 1555 1509 0
828 325468 13 0.127200 4885 3629 888 0
655 263790 16 0.114400 5053 1677 1702 1
571 194651 13 0.085800 5336 3833 1190 1
962 302307 16 0.102500 5976 3568 1181 1
963 411986 11 0.030100 5286 2875 1106 0
980 332681 14 0.079600 5349 1365 858 1
745 268782 16 0.129400 5248 1099 1816 1
586 174182 17 0.089600 5084 2483 978 1
564 162600 12 0.125700 5717 2367 1199 0
571 270063 12 0.079000 5833 1008 1579 0
967 354540 15 0.127800 5531 1336 1391 1
712 212652 11 0.142800 4634 3527 1157 0
722 314968 17 0.103500 5223 1915 886 0
562 160156 9 0.143900 5932 2921 1731 0
722 152576 12 0.029200 4929 913 833 0
706 336591 18 0.146300 4421 1764 1870 1
598 256199 15 0.036700 4219 1729 1281 1
