920 325414 12 0.081200 4255 1750 1321 0
710 132269 14 0.071500 5432 2395 1326 0
770 183187 9 0.049200 5037 3343 842 0
808 289911 19 0.120300 4853 3469 1681 1
924 389592 13 0.081900 4167 1922 1953 1
551 159165 11 0.110200 4607 1268 1101 1
684 157816 13 0.119700 5521 2178 887 1
819 308001 15 0.076000 4711 1824 1362 0
663 176394 10 0.191000 5122 1584 1870 1
704 323498 10 0.152400 4610 1387 1664 1
814 219088 13 0.179100 5513 2705 1098 1
836 250229 16 0.112600 5069 1346 855 0
646 265128 17 0.117700 5089 2804 1134 1
573 211070 12 0.106600 4545 1578 859 0
556 142291 12 0.063600 5762 2605 912 1
580 133655 20 0.144500 4674 3686 1944 1
801 357611 14 0.095700 4288 2425 1203 1
985 336306 14 0.131200 4758 1747 806 1
690 260975 11 0.114100 5965 1337 1953 0
663 234585 10 0.062800 4596 2959 1450 0
637 178248 13 0.166300 4947 3979 1790 1
550 180267 13 0.176400 4344 1464 1510 1
694 265008 17 0.026500 5788 2355 831 0
946 341755 15 0.059000 5734 910 916 1
645 222080 14 0.151200 5127 906 1368 1
936 247234 18 0.023500 4870 3665 906 0
958 431737 15 0.040000 4685 3476 1636 1
916 264225 16 0.103600 4432 888 1554 0
657 224165 14 0.114500 4540 2095 1029 0
901 281315 16 0.018800 5443 841 1277 1
921 269510 16 0.084400 4083 3005 1886 1
606 205421 20 0.187000 4888 1578 1413 1
687 175408 17 0.162800 5457 2881 1964 0
798 304238 15 0.098600 4020 855 1574 1
909 383491 16 0.045400 5529 1501 1316 1
634 200465 15 0.078800 4736 1855 1204 1
962 274674 17 0.062700 5667 967 1518 0
584 251823 12 0.105100 4874 2808 1987 0
845 221913 12 0.103700 5792 2921 1168 0
828 277995 13 0.123700 4705 2795 1360 0
541 183167 13 0.063600 5191 3462 1197 1
561 136438 11 0.080700 5967 3531 1022 0
874 301693 18 0.191500 4251 2266 1392 1
969 268228 15 0.097300 5895 3454 1115 1
720 274796 13 0.122800 5283 3911 1593 0
536 155661 12 0.080400 4352 3934 1622 1
918 420685 12 0.164200 5899 3396 895 0
543 182330 17 0.040600 4097 1484 1438 1
847 228665 10 0.121300 5009 1596 879 0
871 209101 11 0.053400 5231 3125 890 1
579 148988 15 0.129200 4056 3144 1095 1
898 262126 14 0.096300 4620 3753 1918 0
950 307468 17 0.050500 5061 1820 1959 0
703 249216 15 0.099900 5823 3887 1461 0
567 153717 15 0.109000 5981 1009 1746 1
523 199225 12 0.107800 5480 3124 1674 0
699 304836 16 0.165900 5632 2887 1775 1
510 205168 12 0.105700 5315 3394 1808 1
559 178928 13 0.059900 5854 1610 872 1
949 255681 17 0.095500 4419 1188 1509 0
677 282900 16 0.130900 5618 2653 1919 1
800 286995 13 0.117900 5523 1967 840 0
936 271082 12 0.087000 5257 922 1171 1
500 179896 12 0.072600 5863 1416 1253 1
765 169460 20 0.122000 4024 1610 1809 0
763 250226 11 0.015100 5180 806 1013 0
668 182747 14 0.110600 5168 3023 1206 0
663 173391 17 0.137100 4080 2066 1145 1
673 271553 19 0.131700 5892 804 991 0
708 233973 15 0.032400 5629 3936 1738 1
617 206254 16 0.011400 4055 844 1685 1
694 198012 13 0.065900 4986 3177 1146 0
728 223262 14 0.087800 5396 1779 1262 0
533 193322 11 0.114100 4239 1051 1824 0
556 184438 12 0.066900 4049 2342 1879 0
542 238839 14 0.161700 4870 3361 1443 1
509 175318 14 0.082500 5371 3244 1724 0
718 241820 16 0.062100 4432 3321 1926 1
873 341645 16 0.087000 4064 3626 1363 0
804 241843 17 0.119500 4510 2877 1967 0
920 362896 15 0.082600 5582 3645 1451 0
945 257543 17 0.122500 4605 1755 1506 0
773 134363 9 0.153900 4741 879 1455 0
573 209257 17 0.094100 4158 1619 1226 0
940 367330 15 0.012500 5473 3251 1518 1
683 258186 13 0.047900 5297 2493 1053 1
558 234567 14 0.099300 5180 1583 1726 0
991 272166 11 0.099800 4368 1167 1032 0
768 290118 15 0.037700 5779 1715 899 0
815 350637 13 0.075600 5152 1835 814 1
923 328638 15 0.112300 5651 2872 1139 0
801 264435 12 0.100400 4760 1871 1913 1
586 221664 9 0.113300 5709 2062 1932 1
573 208157 16 0.082900 4168 3042 968 1
739 232288 13 0.133900 5969 2736 1006 0
655 281110 13 0.060600 4766 1312 1295 0
769 175893 18 0.160900 5261 3594 1363 0
532 156410 14 0.136700 5690 1159 1151 0
747 210050 12 0.080400 5031 2265 1169 1
754 261171 8 0.177400 5278 3305 1126 1
