542 136314 12 0.098800 5058 3619 1801 1
885 352497 12 0.079700 5430 1787 822 1
552 208044 19 0.099300 4864 1379 1007 1
682 235088 9 0.109400 5246 2857 1044 0
768 315114 13 0.099000 5429 3896 1021 1
607 180350 18 0.099200 5333 3075 829 1
985 321869 12 0.106600 4228 3883 1797 1
686 251317 8 0.100900 5217 2192 1245 0
621 201505 13 0.111100 4208 1448 1749 0
624 284088 16 0.129600 4481 2044 1495 1
593 266373 13 0.107100 5030 976 989 0
846 323150 18 0.164800 4485 3073 1124 0
640 156464 13 0.097400 4171 2666 1075 0
620 213493 17 0.071800 4541 2762 1868 1
935 288665 15 0.147800 5509 3065 1626 0
911 320078 15 0.045100 4190 1665 1130 0
937 269504 11 0.076400 5207 3591 1866 0
619 136493 15 0.088000 4212 2339 1828 1
636 266685 17 0.024500 4326 3544 841 1
685 121782 9 0.119700 4156 3892 952 1
735 238094 16 0.091300 4758 1705 1493 1
869 292630 17 0.141900 4663 2416 1917 1
881 348603 16 0.093600 4449 3980 825 0
794 226450 12 0.102300 5977 869 947 1
931 279627 17 0.139600 5788 1492 1334 0
814 203098 12 0.116200 4599 1539 1368 1
932 272868 11 0.094900 5601 2077 1325 0
891 321930 17 0.099800 5947 3748 1609 1
892 253633 19 0.068500 4327 835 1280 0
692 236040 15 0.129900 5538 2669 1402 1
547 234941 15 0.109300 5495 2412 1684 1
737 180227 19 0.057800 4916 3781 1722 1
783 214942 13 0.140600 5694 3748 1471 1
719 326713 12 0.030500 5489 2340 1872 1
670 237501 15 0.089100 4709 1513 1595 0
576 263289 11 0.077600 4821 3721 1049 1
951 464962 10 0.154000 4294 1221 1294 0
775 292084 13 0.137100 4511 1231 857 0
886 277182 16 0.088600 5570 2771 1890 1
560 186522 17 0.088200 4756 2657 1652 0
828 186361 12 0.095700 5963 2773 1442 1
682 177689 17 0.050600 4129 2593 1172 0
836 331372 13 0.052900 4840 2339 1140 0
798 232636 16 0.131400 5263 2279 1243 0
838 244054 13 0.073300 4331 3903 1281 1
546 176795 10 0.088800 4511 1370 1979 1
915 450787 15 0.179200 4631 3888 1245 0
634 232264 12 0.065500 5921 1119 952 0
911 431238 20 0.122700 4504 2697 1720 0
934 168549 18 0.094500 5963 1273 1994 1
682 250331 17 0.123600 5448 2969 800 0
700 226450 15 0.046700 4277 1850 1801 1
981 249890 12 0.112300 5594 2806 1430 0
599 270654 14 0.102600 5773 3458 1753 0
519 185456 13 0.147800 5523 1408 1873 1
993 404901 14 0.018000 5080 1253 1752 0
555 223190 9 0.105000 5094 3071 1939 0
590 145404 14 0.163500 4829 1478 1790 1
639 210872 12 0.061900 4997 1511 1072 0
524 178663 18 0.101800 5100 3378 1728 0
698 146600 12 0.079500 4978 3169 1257 1
936 372288 16 0.044600 5421 3464 1131 1
695 179463 19 0.057500 5583 1009 1111 1
974 322672 14 0.077100 5087 1925 1473 0
897 410923 12 0.102600 4322 2899 1351 0
708 311313 12 0.173200 4671 978 865 0
927 182248 10 0.100300 4190 3681 1251 1
863 398985 13 0.151300 5604 3930 1273 0
719 301367 19 0.094200 5818 1481 1103 1
913 216386 13 0.140300 4395 1322 932 1
638 219147 16 0.058100 4675 2497 1069 0
999 298779 17 0.024400 5915 1906 1402 0
627 162401 13 0.079300 4782 1274 1087 1
803 330604 13 0.110700 4042 1555 1182 1
923 225317 10 0.131500 5325 2421 1856 1
565 180619 11 0.021500 5770 3854 1677 0
790 219237 15 0.095900 4951 3145 1446 0
580 264245 14 0.109800 5241 2077 1593 0
502 196560 10 0.103500 4500 2236 1850 1
583 252505 17 0.139500 4459 980 1929 1
786 357527 13 0.071400 5655 3398 1399 1
622 201218 16 0.106800 4818 3123 1216 0
899 252243 15 0.121200 5206 1093 1714 1
836 304600 12 0.073900 5405 2280 1846 0
985 353909 20 0.121000 5598 2124 1640 1
785 310344 17 0.125300 5433 2299 1331 0
753 219368 17 0.020100 5561 1848 1356 1
658 184519 15 0.065400 5123 2235 1268 0
961 310619 13 0.119600 4085 3118 1827 0
879 302241 10 0.118000 5974 3450 1953 1
524 197041 16 0.147000 5976 2207 1547 1
733 209297 10 0.098100 5002 2107 874 0
570 150391 9 0.090600 4311 3924 999 0
517 179784 14 0.022600 4558 3050 1450 0
664 248903 11 0.116500 4919 3141 990 0
648 198478 15 0.114200 5516 1863 1017 1
961 385472 18 0.154000 4382 1199 1031 1
960 359502 18 0.164000 4996 1204 1942 0
527 246478 11 0.142100 4709 2213 1861 0
633 247741 10 0.093600 4383 2418 1507 1
