670 147167 14 0.022300 4650 3214 1394 0
658 145818 13 0.131700 5635 914 1261 1
712 241033 17 0.072800 4344 1889 1938 1
644 183576 12 0.152900 5640 3763 1113 1
879 270250 13 0.091200 5692 3447 1563 0
993 379599 13 0.052400 4080 2437 989 1
648 217121 8 0.116500 4959 839 964 0
757 218560 10 0.069900 5885 3285 993 0
807 365853 12 0.107800 5719 2204 809 1
588 146455 15 0.145600 4091 1033 942 1
948 355337 13 0.133000 5934 2420 907 1
890 235265 11 0.072700 4095 2563 1020 1
766 252506 11 0.166600 4857 2996 800 1
687 303954 17 0.026800 4064 2941 1170 1
922 164029 12 0.193100 4754 3661 1181 1
757 304755 11 0.045300 4564 3666 837 0
607 182234 12 0.071700 4382 2366 1708 0
976 325936 16 0.101700 4714 1338 844 1
653 218199 14 0.123400 4965 3704 933 0
545 202110 14 0.097200 4905 2792 1765 0
689 325352 16 0.003800 5508 3596 1904 0
688 210394 15 0.063800 5744 3931 1591 1
762 211638 17 0.124100 5056 879 1833 0
907 262416 18 0.041700 4827 1769 1641 0
642 227056 18 0.167800 5660 3551 1725 0
866 261676 12 0.089600 5272 1090 1402 1
565 212564 10 0.139100 4807 1462 1213 1
985 295815 12 0.094700 4260 3632 951 0
964 324991 10 0.111800 5281 3994 858 1
677 256306 15 0.099500 4365 1374 1789 0
673 224675 11 0.060800 4685 3348 919 1
796 292189 14 0.110800 5992 2736 947 1
643 266907 17 0.137200 5694 3913 1821 1
842 325863 19 0.163100 4573 2606 1385 0
982 337093 18 0.044900 4714 1464 1795 0
839 176751 12 0.161700 4389 3533 1525 1
511 133483 15 0.092700 4494 1418 1406 1
502 151883 10 0.094400 4348 1907 1705 0
835 229714 15 0.091300 4244 1471 1152 0
681 219473 19 0.089900 5710 1736 1524 0
970 228233 13 0.100700 5944 1425 1446 0
569 149616 12 0.103700 4599 3172 1473 1
891 225017 13 0.116000 4985 2024 1380 1
844 238404 15 0.151100 5341 1278 1017 1
619 276874 14 0.085800 5838 3781 1268 0
902 209539 16 0.021500 5304 1321 1102 1
697 166763 19 0.142800 4895 3254 807 1
991 269111 19 0.079100 4003 3992 1034 1
632 300069 18 0.056200 4369 1113 1089 0
582 275496 9 0.112300 5409 2402 1873 0
550 244055 10 0.090400 5631 3941 1853 1
716 307626 13 0.130700 4847 1879 809 0
501 168993 13 0.031500 5498 2265 1611 0
593 231169 13 0.158400 5379 1030 1251 0
814 185233 11 0.157900 4051 1168 1160 1
674 297813 17 0.023400 5379 3425 1217 1
702 134153 18 0.116700 5752 1800 1221 0
557 146933 17 0.074400 4718 2980 1333 0
706 147854 11 0.058000 5547 1779 1545 0
988 352760 10 0.198800 5291 2220 841 1
679 163565 13 0.052500 5349 2500 1601 1
858 283922 13 0.147400 5800 1040 1318 1
706 212854 17 0.138700 4605 3911 1847 0
772 301750 18 0.183600 4733 3718 1911 0
791 324768 13 0.114400 4550 2699 1272 0
654 220895 18 0.115200 5673 2301 1559 0
709 240861 10 0.026000 5503 2427 1086 0
522 136822 18 0.119600 5402 2132 1921 1
770 232987 14 0.155400 4016 3227 1337 0
996 274643 17 0.172400 4954 3038 1943 1
951 279797 15 0.136400 5267 1093 1656 0
772 374717 18 0.014400 5676 3122 1229 0
969 355709 12 0.141400 4640 1205 1766 0
552 182496 10 0.136000 5853 1237 960 1
802 271764 16 0.133400 5261 3113 1682 1
862 347293 17 0.119200 5990 3969 1533 0
773 246367 13 0.119100 4897 3007 921 1
575 202320 17 0.098200 5383 1285 1298 1
649 238240 19 0.120500 5495 1076 1154 0
979 296833 16 0.102600 4308 3763 1955 1
602 182585 16 0.144300 5933 3282 1566 0
933 346863 16 0.143600 4493 2207 1163 1
550 236892 17 0.104700 4652 1650 1534 0
593 181462 19 0.118500 5163 2924 1047 1
680 201725 15 0.055800 5417 2671 1906 1
772 182464 18 0.077700 4460 2833 1060 1
797 275148 17 0.184400 5614 1550 1402 1
893 242638 9 0.024100 4853 1667 1274 0
991 420833 14 0.059700 4474 980 1981 0
598 143402 12 0.115300 5751 2151 1611 1
729 225511 15 0.097900 5676 2169 1767 0
840 382999 12 0.159400 4597 1804 1272 1
513 186016 11 0.166400 5700 2285 1796 0
567 192210 13 0.058600 4806 2840 966 0
801 163415 12 0.127900 4334 3311 1921 1
904 272529 13 0.098900 4832 3920 1211 1
809 170083 16 0.160000 5885 3801 1151 0
993 333345 18 0.117500 4645 3979 1822 0
674 217291 16 0.088100 4281 3584 1242 0
937 317085 17 0.080500 5794 1755 1086 1
