569 164879 13 0.127500 5893 1956 1945 0
643 205254 10 0.141800 4208 2312 1052 1
997 309915 13 0.163400 5076 3079 1408 1
806 357414 18 0.062200 5789 1620 997 1
724 329236 19 0.141000 4342 3642 1808 1
679 240209 14 0.117700 4361 1301 925 0
766 222904 9 0.074000 4948 3913 888 0
754 331121 20 0.117900 5306 3728 1235 0
810 340768 19 0.042200 5520 1350 1461 1
725 276730 15 0.054200 4229 3289 1649 0
587 137564 18 0.099000 4730 1358 1255 0
831 305232 10 0.089000 4126 2223 1838 1
625 150550 17 0.068900 5214 1338 851 1
971 366122 9 0.033700 5741 1343 1432 0
534 186297 15 0.101300 5527 1506 1717 0
639 216344 16 0.125300 5618 3761 1291 0
598 183386 14 0.039200 5168 1482 903 1
569 151978 12 0.154400 5751 2625 1130 1
873 294383 14 0.096100 4074 3470 1401 0
733 185199 13 0.112700 5344 1792 1349 0
920 371721 13 0.102500 4119 1988 1259 1
533 178878 14 0.102000 5897 2011 1984 0
959 199236 17 0.103100 5581 3431 1942 0
807 242390 12 0.077100 5296 1557 1367 1
554 189686 19 0.182800 4053 1536 1412 1
702 153392 17 0.126500 4119 1157 1300 0
886 352718 18 0.057300 4331 3360 1365 0
836 312932 14 0.055900 4796 847 1646 1
615 210324 14 0.052900 4148 1873 1884 1
772 215138 16 0.056300 5603 1699 1998 0
758 324405 11 0.051000 4607 3226 1204 0
667 202714 12 0.154500 5644 2956 1805 0
661 208210 14 0.123100 5383 1816 1383 1
738 242491 15 0.098900 4771 3744 1387 0
502 166356 12 0.057600 5647 1765 1010 1
526 133021 15 0.045700 4003 1190 1236 1
735 222508 14 0.136400 5452 844 1762 0
886 213973 13 0.011300 5524 3576 1865 0
869 227986 18 0.183900 5014 1709 933 0
650 203016 12 0.127300 5726 3606 973 1
742 265566 18 0.104100 5721 3606 1472 1
594 202387 8 0.077900 4738 1062 916 1
787 261109 19 0.141700 5416 3746 1949 1
919 342848 19 0.058500 5515 3964 1369 1
899 356359 16 0.101600 4572 2184 1095 1
521 188912 13 0.093300 4923 3513 1305 1
813 181628 11 0.048700 5897 2114 1659 0
818 214914 16 0.053600 5242 2059 1901 1
855 337969 14 0.080700 4737 3929 1426 1
647 216863 14 0.048700 4409 1470 1421 0
651 149425 10 0.065800 4739 2778 1380 0
782 362337 20 0.103200 5181 2206 1694 1
607 200871 15 0.068200 5292 1986 1130 1
900 263030 12 0.177100 4055 1200 1086 0
701 238615 16 0.111600 4216 3927 1093 0
970 399922 16 0.083100 4989 3582 1052 0
695 201031 16 0.122400 4929 1933 1157 0
550 194864 17 0.086100 5768 811 814 0
626 191947 15 0.118500 5632 2553 1424 1
529 203999 16 0.107600 5843 1167 900 0
536 127690 18 0.048900 4938 3658 1125 0
730 151005 10 0.162100 4148 962 1673 1
716 270518 18 0.116200 5007 2326 1986 1
595 188934 16 0.090600 4388 3045 1166 0
554 220028 9 0.118400 5975 867 1566 1
787 248878 13 0.112500 4550 3137 1953 0
543 224983 12 0.067000 4816 2522 995 0
518 161093 14 0.146400 4469 2590 1257 1
817 179702 11 0.071000 4821 3229 1551 0
653 227924 11 0.125800 5652 2011 961 1
787 184818 15 0.091000 5072 3644 1465 1
880 298246 18 0.118500 4178 3850 1596 0
799 256819 16 0.153000 5080 2435 1905 0
956 406532 15 0.134200 4487 2168 1066 0
800 224302 18 0.055800 4410 1618 1143 1
874 211808 13 0.042300 4863 3931 1882 1
803 164261 17 0.167600 4121 3288 1199 0
788 330560 13 0.123400 5424 1687 1268 1
909 280375 13 0.058200 4240 2570 1410 1
816 345959 16 0.146900 5826 3893 893 0
997 281933 17 0.133400 4151 2837 1119 0
797 193641 17 0.109100 4788 1898 949 1
647 175076 11 0.043000 5048 2735 1649 1
565 170842 16 0.130400 4850 3598 1488 0
742 214091 18 0.005700 4587 1684 1446 0
673 255310 10 0.173300 5538 1482 818 1
952 296147 13 0.102900 4115 3371 1764 0
527 201817 15 0.123100 4014 3700 1420 1
756 272526 18 0.104600 4715 1676 1248 1
661 164331 11 0.099200 4314 1504 1176 1
887 316185 14 0.096500 5681 937 941 0
618 260425 14 0.066200 5687 2864 1835 1
657 193570 18 0.117900 4189 2292 827 1
686 304650 13 0.016000 4366 3314 1340 0
874 180994 16 0.087300 4993 1887 1893 1
524 138109 11 0.148500 5866 1436 1199 1
752 251516 14 0.104400 5960 3879 1380 1
804 202264 13 0.052900 5565 3298 1480 0
866 271115 15 0.050100 4620 3169 1431 0
953 202605 17 0.075800 5501 3088 1169 0
