945 315173 14 0.165900 4258 1847 1267 0
766 333376 17 0.101800 5074 3755 1254 1
585 174728 16 0.021100 5048 1529 1645 1
577 224234 19 0.073900 5221 2315 892 1
948 293133 9 0.049600 5414 1893 950 1
921 398747 15 0.087100 5027 2426 1907 0
658 161660 15 0.021700 5211 988 1155 0
883 357112 12 0.116500 5907 3032 840 0
844 243502 15 0.084200 5405 2499 1202 0
767 225262 12 0.057900 5634 2612 921 1
748 228788 19 0.024400 5286 825 1409 1
700 242853 12 0.122100 5203 3356 1024 0
566 188904 10 0.095900 5097 3111 1535 1
908 342372 12 0.122300 4427 1889 1159 1
537 166948 13 0.105700 5422 1082 1966 1
824 297327 17 0.075500 5280 1131 1250 0
670 293594 12 0.038900 4411 812 1776 1
837 228546 14 0.149900 4114 3557 1398 1
717 282965 15 0.090700 5157 2307 1406 1
517 163554 15 0.129300 4341 1667 826 0
633 157999 15 0.165700 4115 3022 1681 1
649 193140 12 0.088900 4778 2484 989 0
863 192009 12 0.097900 4160 3174 849 1
799 203154 17 0.084800 4493 1902 950 1
807 341987 20 0.120900 5089 1082 1239 1
574 162130 12 0.113400 5045 3521 1061 0
709 202558 13 0.064900 4894 2766 856 0
763 167908 16 0.112100 4492 3353 867 0
948 261747 16 0.171700 5785 3031 1153 1
515 161664 10 0.022500 5400 3955 1752 1
734 198187 16 0.122500 5245 2448 1023 0
731 210332 15 0.056400 4790 2700 1474 0
655 307751 13 0.138300 4689 1926 1370 1
591 167157 20 0.138900 5303 1426 982 0
803 252893 11 0.144200 5559 1335 1309 1
880 237238 14 0.045500 4957 1523 1885 1
799 291066 17 0.128400 5134 3621 897 0
587 127833 12 0.081800 4233 2712 1767 0
951 408155 15 0.085200 4705 1317 1852 0
867 309507 16 0.123000 4311 1005 1180 0
605 213483 14 0.092100 5126 2360 1896 0
743 166458 16 0.180000 4283 2605 928 1
544 138984 15 0.104800 5758 2534 1817 1
958 349830 15 0.091900 4829 819 960 0
889 297127 15 0.056700 5124 2374 1978 0
926 446698 13 0.131300 5296 1342 1655 1
989 318442 13 0.077600 4044 1544 1509 0
695 215962 13 0.115700 5323 2898 1241 0
688 147466 17 0.023200 5259 3076 1561 1
699 301949 15 0.167600 5953 2858 1113 0
579 106178 12 0.142100 4760 2299 1479 0
768 284770 9 0.144800 5999 1866 839 1
712 212841 13 0.099100 4739 1190 1382 0
800 176142 9 0.084800 5302 1857 1244 1
886 289642 13 0.126900 5024 3479 1649 0
534 169270 19 0.118100 4798 2809 1482 1
882 231476 11 0.144400 5796 2995 1227 0
602 118664 19 0.174500 5623 1798 1836 1
834 382694 17 0.061500 4595 1926 1475 0
555 207302 11 0.044200 5540 2732 1308 0
623 224494 19 0.090800 4778 2327 1679 1
704 283630 14 0.044800 4593 3563 1774 1
744 249430 12 0.136700 5984 1826 1073 1
997 271907 12 0.076000 5817 2080 1205 0
903 385532 16 0.074300 4615 3300 1378 0
911 312888 17 0.058500 4297 1056 1326 0
903 356485 12 0.057500 4350 1745 1051 1
719 255089 13 0.129900 4256 863 1329 1
690 237329 17 0.087600 4320 3670 1090 1
750 208013 18 0.101900 5890 2328 829 0
590 152577 14 0.135100 4942 3154 928 0
516 116477 10 0.129000 4450 902 1567 0
524 242127 10 0.093600 4858 2118 1941 0
951 290783 16 0.098000 4898 3203 819 0
849 183754 9 0.075500 5542 2688 1758 1
824 212392 14 0.115400 5494 3974 1489 1
944 333863 13 0.105400 4179 2205 1560 1
705 230996 15 0.103800 5053 2581 1032 0
582 249282 17 0.018300 4201 934 1329 0
913 319987 19 0.181300 5827 2446 1961 1
643 208061 14 0.095000 5085 1990 1327 0
880 435265 13 0.123100 4357 3635 988 0
981 241534 12 0.098400 5416 3161 1338 1
685 240240 16 0.122200 5384 1589 1915 1
680 150780 12 0.093900 5547 3563 857 1
573 145702 19 0.147700 4729 2147 1464 1
975 384669 14 0.085200 5362 3316 1812 1
982 364992 17 0.169800 4175 2353 1062 0
953 394329 11 0.126400 5654 1708 1387 1
616 236800 15 0.160700 5790 1167 1249 0
947 251159 16 0.116100 5262 3267 1634 1
604 204760 14 0.138800 5149 915 1089 1
739 230126 12 0.097800 4680 3348 1473 0
645 183511 16 0.128800 4104 895 1881 1
632 153815 15 0.130500 4062 1126 1442 1
532 215376 12 0.116800 4026 1578 1780 0
776 255995 10 0.104600 5189 1106 1890 0
679 202161 16 0.119000 5329 2204 1671 0
542 136605 18 0.103500 5094 1728 1204 1
768 268528 14 0.154400 5696 3553 1516 0
