522 193110 17 0.096300 5418 1685 817 1
827 366313 14 0.043600 4628 1471 886 1
785 219869 12 0.045900 4970 2884 1234 0
883 337565 19 0.109400 4453 3984 1156 0
752 305736 15 0.057300 5321 956 892 0
920 317881 18 0.059600 4817 849 1027 1
844 285512 15 0.028900 4864 3966 1019 0
926 332352 18 0.064500 4127 1049 1668 1
811 270641 11 0.086000 4341 801 1633 0
802 270324 9 0.107900 5317 3670 1397 0
820 251117 18 0.128600 5343 1291 1581 1
612 225815 18 0.077100 4387 2743 1062 0
873 297519 12 0.068500 5948 3253 1957 0
574 202065 10 0.104000 5009 1142 1503 0
758 223750 12 0.099300 4703 1164 880 0
951 231451 11 0.171000 5601 3409 1856 0
660 229940 17 0.137200 5801 3274 1372 0
725 196608 13 0.100400 4085 3822 1914 1
804 400198 14 0.124800 4451 3808 1294 0
675 122253 17 0.122500 5004 2463 1581 0
964 411456 10 0.170600 4364 1241 1010 1
797 197413 17 0.038800 4095 884 1264 1
609 247105 12 0.101100 4613 2452 899 0
642 249374 13 0.150600 4084 3457 1223 0
891 288964 11 0.172300 5264 999 1467 0
502 115297 14 0.167800 4274 1798 1514 1
964 325458 11 0.111700 5617 3246 1710 1
544 248304 18 0.151700 4505 2793 1189 0
827 304597 9 0.105000 5471 2211 1056 1
544 182102 12 0.057000 5224 3669 1095 0
728 300721 15 0.071400 5700 3209 1175 1
997 426463 12 0.119000 4789 3602 968 0
979 332213 18 0.093100 4912 1600 1780 0
533 126838 14 0.123600 4717 3136 1250 0
636 216626 14 0.068800 5986 1009 1872 1
844 338041 12 0.091800 4655 3408 1463 0
934 169806 18 0.141700 4581 3005 1693 0
600 203294 14 0.102800 4947 1149 1705 1
609 198137 17 0.100400 5234 1898 1461 0
880 249980 9 0.041600 5156 3702 987 0
755 151109 14 0.107500 4395 3713 1964 1
980 379188 10 0.136800 5535 967 1865 1
741 154262 16 0.109800 4624 1826 1290 1
748 222255 14 0.092100 4840 3316 1221 1
927 290398 11 0.115000 4077 1920 1576 0
653 176662 13 0.097200 4148 2525 1379 1
625 163658 17 0.172500 4236 2105 1760 0
898 367100 12 0.090600 5455 2318 1156 0
757 327301 13 0.119700 5586 3856 843 1
925 410312 19 0.074000 5280 2398 823 0
823 269528 15 0.104900 5427 3097 1233 1
785 183664 15 0.088900 5657 2540 1348 1
741 178822 18 0.084000 4247 2875 952 1
950 313451 13 0.073000 4685 1313 1989 1
557 259293 17 0.170200 4429 3071 1385 0
608 243637 12 0.072600 5916 830 1084 0
676 228136 12 0.160900 4682 1713 1696 0
729 162049 14 0.059100 5560 3788 1862 1
680 234490 14 0.073700 4731 2734 1019 1
988 354304 11 0.113600 5951 2811 932 1
685 303261 20 0.078700 4413 2119 1712 1
953 261886 12 0.102600 4092 2177 847 0
720 292193 18 0.044200 4213 3110 808 0
802 295399 15 0.017200 5603 1802 1328 0
930 270354 14 0.135100 5135 979 1132 1
569 234386 16 0.130900 4542 2693 1139 1
566 175630 20 0.112300 4428 1773 1583 0
558 163791 14 0.151200 4280 2682 1642 0
650 200975 11 0.082700 5608 2893 1096 0
604 192231 18 0.046600 5067 1727 1493 0
860 301890 9 0.111500 4252 2008 1271 1
892 255378 17 0.107600 4346 941 1871 1
886 297290 14 0.111100 5403 848 1396 0
846 261486 11 0.148200 4540 3654 822 1
574 202913 13 0.078600 4664 1237 985 1
776 227119 15 0.111100 4682 3850 1129 0
504 170121 16 0.154100 5893 1283 1792 1
616 194261 10 0.084700 5202 2551 1002 0
725 268604 13 0.067200 5449 2547 1941 0
599 206985 8 0.068700 4977 1987 1517 0
650 232974 19 0.104900 4341 970 1186 1
929 358446 15 0.157800 5111 2315 1929 1
967 240520 10 0.122800 4781 3940 1974 1
694 155947 17 0.046900 5771 910 865 1
802 380237 15 0.100300 4290 2536 1773 1
696 148396 14 0.118700 5078 1424 1379 1
916 350868 9 0.135300 5203 3879 864 0
641 127901 14 0.105000 5796 1044 1298 1
663 157857 12 0.096200 5901 1433 1473 1
589 173291 14 0.124700 5000 1055 1117 1
547 211016 17 0.147500 4115 858 1723 1
895 409264 15 0.051900 5678 3152 1729 0
940 237255 10 0.048600 5855 1738 1366 1
756 315452 14 0.137300 4461 881 1460 0
705 143757 15 0.072800 5188 1650 839 1
662 178217 10 0.114500 5300 1672 1413 1
547 225365 10 0.134700 5900 3993 1159 1
942 355736 11 0.071400 4542 2263 1194 0
852 276156 17 0.103900 4140 3465 1299 1
763 152911 14 0.063400 4005 3527 1831 0
