924 323738 15 0.136400 5649 3808 1746 0
777 247994 19 0.118400 5052 3550 1539 0
746 266288 15 0.099200 5873 816 1845 0
510 152800 9 0.114600 4969 3549 1992 1
916 217899 11 0.134900 4287 2430 1001 1
577 154891 16 0.114400 4294 2472 1216 0
927 309231 17 0.170200 4965 1474 1284 1
885 284885 11 0.089600 5887 2135 893 0
588 243296 15 0.159700 4575 3955 1754 0
915 424107 14 0.120500 5556 3941 1144 0
676 211535 20 0.060200 5707 3526 1915 1
613 226673 13 0.083500 5268 2851 1848 0
794 298345 11 0.157400 4717 1921 1491 1
661 253841 17 0.075500 4434 3287 1362 0
860 347524 14 0.133500 5841 3174 1970 0
694 200047 12 0.069800 5867 1268 1003 0
659 211710 12 0.160600 4818 3977 821 1
558 178759 16 0.050700 4092 1181 1403 1
933 214517 15 0.070400 4304 3633 1833 0
513 165157 16 0.072900 5098 1604 1352 0
607 256106 14 0.138500 5297 3832 1092 0
945 296174 15 0.059100 5948 2519 1798 1
828 253712 17 0.071200 4390 1750 1378 0
844 285596 16 0.084400 5186 1899 1993 1
983 484060 14 0.161600 5724 3522 1622 1
509 135398 18 0.089500 5606 2458 992 0
765 195432 11 0.101300 5971 2892 1609 0
751 300285 14 0.156000 4564 1735 1472 0
579 174375 9 0.053600 5450 1465 864 1
583 192641 13 0.108800 5140 2382 835 1
569 227046 11 0.106300 4608 933 1265 0
778 194368 13 0.110200 5191 3420 1924 0
949 437397 17 0.174200 5497 2528 1143 1
526 136864 14 0.078600 5274 932 1840 1
939 233252 13 0.152200 4558 1579 1025 1
568 181989 9 0.098700 5827 1619 1072 0
729 219623 15 0.096300 4665 1831 1031 0
846 261868 9 0.088900 5172 3011 1217 0
891 343193 12 0.056300 4859 3507 1191 1
520 168077 10 0.080600 5847 3535 1451 1
633 282266 11 0.096800 5831 2231 1787 0
673 258166 14 0.054900 5426 1924 913 0
512 191648 17 0.048800 4735 2195 1611 0
929 357212 17 0.113200 5179 3169 1414 0
737 185774 13 0.121600 5557 3742 1341 0
720 224719 18 0.081700 4893 910 1304 0
620 259618 14 0.087400 4771 3441 1378 1
649 195970 11 0.116500 4654 3184 1468 0
914 326867 10 0.111400 5703 3682 1439 0
765 246237 15 0.016500 5593 3822 1850 1
671 261791 13 0.149000 5551 1560 1445 1
673 256050 16 0.165900 5308 2188 1937 1
522 202568 14 0.091000 5581 1547 1757 0
560 196197 15 0.101300 4458 3654 1898 1
860 366386 17 0.049000 5979 1418 1333 0
796 311006 10 0.110700 4068 1950 954 1
956 292174 14 0.063800 5636 1875 1564 1
820 269343 11 0.141500 5342 2079 1652 0
834 289661 13 0.071400 4921 3359 1164 0
789 228870 19 0.108400 4231 2480 969 0
774 318671 11 0.129600 4951 2407 1860 1
643 232689 9 0.092100 4802 1995 1646 1
837 302614 11 0.181400 5152 1662 1453 1
536 133997 16 0.067900 5257 3149 1349 1
893 360965 15 0.055400 5069 1986 1033 1
939 245408 15 0.097500 5392 3089 1402 1
935 313299 14 0.117200 5184 1083 1240 1
858 231555 14 0.091200 4199 2246 1466 1
741 327514 8 0.084100 4647 1043 1584 0
976 363708 19 0.120500 4118 2124 1074 1
836 187530 14 0.099000 4052 801 999 1
706 255657 12 0.159000 5952 1764 1287 1
560 170415 15 0.090200 4535 2366 924 1
744 185865 12 0.126300 5113 2746 1433 1
662 188373 18 0.017200 4655 3667 1156 0
612 232491 13 0.033400 5247 2557 964 0
509 146947 14 0.036900 5413 3084 1852 0
507 126907 15 0.119900 4278 2915 1587 1
868 347468 8 0.104700 5661 2257 1109 0
850 304606 18 0.082800 5455 2944 824 0
660 238123 17 0.174700 5016 1235 1098 1
600 179720 11 0.137700 4462 3927 1937 0
855 292838 13 0.061800 5116 1233 1349 1
895 183890 13 0.047700 4788 2485 931 1
694 277041 18 0.087500 5061 935 1503 1
643 133163 14 0.036400 5598 2204 1965 1
647 192964 9 0.108600 5005 3016 1507 0
900 389140 13 0.152100 4343 2048 1866 1
632 175583 17 0.082200 4348 1448 840 0
774 256018 18 0.074900 4022 3158 807 0
654 274281 20 0.144100 4032 2025 1271 1
940 327382 14 0.172400 5655 1662 1988 1
876 250479 15 0.122700 5971 3421 1574 1
725 229777 14 0.082300 5314 2079 984 0
737 226654 12 0.103500 4131 3933 1426 0
736 190333 8 0.144300 5860 1938 925 1
800 152143 13 0.046500 5846 1263 1770 0
753 220580 10 0.083300 5163 2632 1595 1
659 237687 15 0.162000 5211 1391 1655 0
612 227692 19 0.190000 5404 971 1334 1
