982 428807 14 0.066600 5296 3541 1257 0
986 261932 17 0.170500 5795 1937 1848 0
980 379426 14 0.150600 4197 847 1589 1
869 282742 16 0.099100 4775 3306 1149 0
916 340064 10 0.055200 5385 1773 1915 0
524 219325 18 0.122100 5877 2736 958 0
560 126767 10 0.038100 4672 3231 1112 1
817 239897 11 0.119700 5942 2981 1622 1
514 174322 17 0.081500 4460 889 953 1
508 164160 13 0.088000 4037 1649 1264 1
584 183770 10 0.076600 4801 1362 878 1
530 120520 16 0.035200 4516 3356 1896 0
849 267674 13 0.136800 5272 932 1654 0
801 344174 19 0.098000 4414 3546 1593 1
582 221971 13 0.147700 4438 2630 1411 0
667 194678 10 0.058900 4644 1590 1954 1
969 365647 15 0.057900 5114 1971 1306 0
818 306150 14 0.126700 5535 3658 1333 0
706 243168 12 0.102300 4770 1605 1176 1
974 223521 19 0.130000 5059 3408 1444 1
569 191880 16 0.047300 4987 1419 1741 1
973 307034 14 0.132000 5091 2765 954 1
881 256943 19 0.085400 4313 2584 1434 0
672 183204 17 0.140300 5906 3105 1701 0
616 215667 12 0.168000 4379 2352 1978 0
575 242420 15 0.057400 5242 1261 1521 1
724 246353 17 0.049100 5967 2996 1920 0
673 259559 13 0.092000 5089 2245 1088 0
682 216097 11 0.147000 4854 3754 1122 0
820 349311 17 0.094000 5154 2960 1000 0
897 334091 12 0.118700 4761 2774 1009 1
959 263039 11 0.051500 5420 1312 1624 0
726 244561 14 0.097100 5156 1903 1695 0
613 161404 11 0.137500 5996 2446 1142 0
908 281127 13 0.111900 5598 2692 1464 1
501 109151 13 0.096900 5648 850 1668 0
882 290861 8 0.105800 4869 2376 1886 0
795 185650 14 0.151100 4598 1981 1487 0
700 301062 8 0.130100 5706 2744 1638 1
890 425350 14 0.097700 4401 2728 1219 0
823 345739 15 0.158900 4344 3762 1061 1
929 254980 12 0.031600 5406 3854 890 1
504 144379 19 0.125900 4952 1674 1877 0
620 254347 18 0.166900 4822 3452 904 1
889 314782 18 0.087500 5771 1118 1839 1
533 174705 17 0.147300 5316 1873 1743 1
608 265399 15 0.098200 5919 2679 951 0
904 333521 11 0.044100 5229 1076 1358 1
674 226317 13 0.155200 4231 1324 1081 0
734 324245 17 0.042500 5562 1346 1177 1
667 219127 17 0.128000 5915 1505 1854 0
837 205553 18 0.124400 4791 1222 1076 0
504 167817 20 0.100200 5573 1396 931 0
625 153784 15 0.110800 4523 3168 1953 1
934 271669 17 0.084900 5686 1512 863 1
694 209237 11 0.065500 4575 2082 1920 1
941 390325 14 0.107100 5493 1479 1125 1
520 181730 19 0.119300 5324 2134 1695 0
859 202529 11 0.114300 4301 3820 1537 1
521 203187 16 0.108600 5769 2395 1276 1
509 142361 13 0.072900 5016 2373 1088 0
738 265378 14 0.114700 4045 2175 1624 0
689 213882 15 0.098500 4755 3913 1463 1
821 285036 11 0.161200 5636 2318 1380 0
808 316618 15 0.177200 4925 2753 1399 0
923 326925 20 0.127500 4677 3043 1294 0
712 255193 17 0.104200 5726 3683 1284 1
966 383367 15 0.135300 4630 1768 1449 0
814 260534 20 0.106700 4230 1069 1616 0
531 123021 13 0.032300 4108 2684 1114 1
963 291361 9 0.052000 5472 2386 1902 0
602 237228 14 0.124100 5296 966 1812 0
710 342347 14 0.136200 5300 2016 953 0
866 328490 15 0.048700 4239 1062 1481 1
772 196942 9 0.064900 5717 1622 1632 0
871 239729 16 0.106700 4877 1035 1301 0
658 234689 11 0.051500 4240 3788 1740 0
501 197601 9 0.080200 5263 3825 1354 0
944 368258 15 0.091100 4956 881 998 1
740 187155 16 0.092800 5915 2649 1759 1
889 373909 16 0.141000 4804 3127 818 1
861 195473 14 0.029200 4555 3975 1201 0
739 214762 13 0.129600 4090 1140 1080 1
833 173599 14 0.147800 4572 3674 1893 1
706 226184 10 0.187600 5050 3511 1092 1
806 273861 11 0.069800 4873 3466 1329 0
641 220339 12 0.059300 5601 2329 1214 0
690 330773 18 0.016200 4024 1565 1717 1
724 276243 17 0.050100 5515 2207 805 1
908 347863 17 0.089600 4424 2333 967 1
839 267217 14 0.096900 5765 2449 1550 1
597 173457 11 0.025000 4501 1586 1450 1
666 170115 12 0.189100 4603 2640 928 0
737 265455 10 0.089200 4405 3143 1038 1
791 250740 18 0.058900 5876 1912 1393 1
538 201838 13 0.137500 5938 1106 1207 1
532 184590 13 0.019300 4208 1954 1952 1
714 270649 10 0.074400 5042 1077 803 1
940 396157 12 0.068000 5738 2556 1125 0
963 216010 14 0.143300 5503 3713 1091 1
