880 224124 19 0.049800 4216 2930 1419 0
981 387947 16 0.098000 5192 1450 1018 1
932 339733 14 0.082700 5580 3054 1718 0
569 189427 17 0.116600 5274 1941 1103 1
841 334151 11 0.078000 5502 3650 1607 0
995 362884 17 0.029600 5120 3117 1565 1
876 254005 16 0.093400 4513 2011 1647 1
892 374634 16 0.134700 5512 2779 1577 0
891 383875 10 0.034800 4072 1742 1146 0
702 308301 15 0.073300 4570 3131 1804 0
978 319765 12 0.117100 5982 2626 1688 1
818 255286 16 0.117200 4198 1626 1690 0
693 130219 15 0.093000 4778 1079 1307 0
816 154189 12 0.060900 4695 3426 1292 0
971 304605 14 0.052900 5456 1503 851 1
897 315966 14 0.162200 5608 817 1107 1
613 192902 11 0.082800 4800 2490 1912 1
976 346510 8 0.137600 5224 1077 920 0
612 230828 12 0.069400 4774 2369 1861 1
861 354323 10 0.078000 4532 2358 1138 0
686 158044 13 0.127200 4153 3628 1606 1
856 307659 14 0.022500 5889 3367 1910 1
648 227486 16 0.101800 5000 3774 1749 0
664 259002 11 0.113000 4718 2451 1959 0
791 380275 13 0.089500 5640 3810 1596 0
968 295386 12 0.135000 4454 1873 1750 0
927 410068 11 0.112000 4659 816 1318 1
816 329788 12 0.197200 4192 3145 838 0
532 196658 18 0.147800 5658 2053 1438 0
962 322244 12 0.093700 5376 3866 1792 1
923 195245 20 0.103600 5669 2047 832 1
900 359809 16 0.097900 4796 1002 1544 1
577 262306 10 0.082600 5880 3334 1352 1
899 401673 16 0.064000 5304 2866 1662 1
973 339215 14 0.105400 4457 2278 1399 1
701 196680 8 0.081900 5865 2843 1664 0
908 396918 9 0.098700 5048 2926 1757 0
961 309430 17 0.045600 5912 3016 1846 1
888 264283 17 0.121800 5110 3993 1870 1
628 156578 19 0.052400 5051 1857 1612 1
665 238444 16 0.105400 4047 2018 1843 0
780 181918 16 0.139300 4975 2341 1648 0
682 203862 13 0.161400 5648 2808 1282 1
631 185324 15 0.113400 5104 1744 1794 1
658 292973 10 0.070700 4170 1528 854 0
519 214866 18 0.077700 4035 2590 1417 1
722 186495 11 0.019400 5376 1104 1287 1
889 261178 16 0.037300 4565 3989 1571 1
714 261925 14 0.141700 5380 3271 1982 1
600 239754 15 0.100600 4505 2310 867 0
913 282271 10 0.130100 5779 2088 840 0
581 200069 19 0.117100 4220 2819 1561 1
722 202263 11 0.121600 4831 2223 889 0
820 316921 12 0.126800 4150 1869 1107 1
995 208571 12 0.054700 4213 1474 1349 0
910 359738 16 0.052900 5389 3041 974 0
557 251830 9 0.120300 4122 2069 1687 1
828 202167 14 0.107900 4305 1844 1650 1
812 276150 15 0.071000 4438 990 819 0
738 248709 13 0.095300 4643 1757 1553 1
766 304335 13 0.033600 4429 1695 1541 1
626 219359 15 0.078200 4035 2065 1672 0
647 238903 12 0.172500 5768 2069 1021 1
655 201555 17 0.120300 5452 3843 1172 0
544 253004 17 0.189500 4165 2716 1872 1
896 276646 9 0.064000 5439 2060 1738 0
704 269939 16 0.098300 4635 2330 1174 0
684 252528 17 0.137200 5716 2852 1155 1
665 176549 16 0.119600 5503 1457 1676 0
605 295633 16 0.136000 4841 3922 1986 0
635 173566 14 0.092500 4678 3259 1936 1
862 283599 9 0.060500 4996 3637 1261 1
947 369742 17 0.153000 5638 1397 1087 0
501 98995 19 0.073400 4109 3493 1553 1
752 248347 11 0.120000 5610 3858 1368 0
902 308812 17 0.104200 5786 1495 1241 1
531 223679 12 0.075700 5626 3571 1895 0
659 219153 18 0.069000 5965 2382 1886 1
830 260866 12 0.093800 4469 3234 1517 1
973 286358 13 0.143100 5477 1867 1898 1
780 245175 13 0.172100 4415 2590 1653 0
980 278405 12 0.083300 4313 2593 1064 1
939 354430 12 0.137800 4601 1160 1138 1
901 273279 15 0.120800 4724 2476 1377 0
818 208569 16 0.060400 5418 1050 1793 0
777 223031 14 0.073900 5172 3633 1117 1
784 305335 14 0.089800 4833 3180 1409 0
716 189759 16 0.157100 5035 2492 1416 0
744 255473 13 0.117400 5603 1306 1465 1
698 199460 12 0.083700 4687 2451 1487 1
894 325149 14 0.059500 4011 2227 1656 0
565 150847 10 0.081300 6000 1123 983 0
524 234744 17 0.043100 5954 2577 1724 0
689 218116 15 0.089900 4683 1378 1205 0
614 261841 12 0.177400 4821 836 1600 0
506 187417 17 0.157900 5936 3919 1115 0
727 212942 14 0.106800 4755 3320 1878 0
859 335853 15 0.084200 4728 1897 1779 0
979 261599 20 0.120500 4689 3425 1358 1
654 259623 18 0.154400 4623 3184 1363 1
