875 330463 13 0.056500 5544 3363 803 0
761 449105 12 0.143000 5408 3913 1111 0
754 326916 12 0.123300 4048 1277 1179 0
822 487996 17 0.150200 4118 2588 842 1
764 416606 10 0.064400 5708 2155 1530 1
507 167417 9 0.160400 5483 1998 880 0
734 382419 13 0.136100 5751 907 1564 1
964 576648 17 0.095400 4327 1678 906 0
924 333104 15 0.095700 5411 1826 1473 0
640 303443 10 0.130000 4227 2501 1818 0
798 459688 16 0.047000 5063 2194 1595 1
978 466644 14 0.124900 4688 1429 959 0
746 287801 18 0.168000 5260 2053 1089 0
532 326190 16 0.098000 5836 1265 1447 0
894 630025 13 0.127500 5921 2579 1693 0
960 460911 16 0.093400 4330 1459 888 0
634 318658 11 0.065200 4391 1981 865 1
558 398094 16 0.145800 5229 990 804 0
673 224002 14 0.100400 5551 3735 1069 0
930 347157 11 0.110000 5206 2978 1024 1
545 252553 12 0.059300 4281 3759 1600 1
674 397455 11 0.132700 5638 979 1053 1
810 467529 16 0.095300 5007 1788 947 1
905 576172 13 0.175900 4416 2758 1176 1
569 219968 18 0.078800 4339 3673 1488 1
923 494337 15 0.070400 4122 3263 1614 0
761 383701 15 0.155600 4558 1038 943 0
790 285885 14 0.084700 4115 2152 1902 0
721 357444 16 0.181600 4228 2933 1718 0
521 268973 11 0.143800 4510 3830 1659 0
745 398400 12 0.105900 4701 2872 1694 1
827 390519 18 0.064000 4269 2314 863 0
991 623294 11 0.134900 4897 3385 983 0
976 348932 8 0.097900 5734 2979 1836 0
697 239726 10 0.119300 5868 3328 1025 1
522 295136 12 0.140800 5392 3977 1378 0
696 268184 9 0.088000 5071 3480 1924 0
868 237778 9 0.143000 4364 881 1105 0
836 326495 16 0.099800 4362 3555 916 1
591 327083 12 0.085300 4635 3314 1167 0
945 645441 10 0.139400 4132 3963 1453 0
840 565958 11 0.118800 5646 2036 1112 0
809 374868 12 0.052900 5810 1668 1922 1
659 338137 12 0.163200 4704 1533 1093 1
884 509104 15 0.157200 5195 3422 1248 0
723 464966 10 0.031100 4681 824 1517 1
939 573441 10 0.059100 4787 2868 1427 1
578 174643 11 0.025400 5778 2273 1497 0
645 295764 14 0.123000 5830 2999 1183 1
608 177647 10 0.093700 4610 2749 1365 0
944 452381 13 0.072000 4346 3020 1694 0
845 254420 15 0.097200 5605 3278 1775 1
665 409257 13 0.113300 4710 3353 1138 1
627 333340 11 0.129500 5379 3641 822 0
597 332067 13 0.127900 4698 1073 813 1
910 411096 13 0.087500 4462 2944 1819 1
760 277008 13 0.099800 5828 2460 846 1
596 168504 13 0.062900 5025 2127 1275 0
689 291477 12 0.065800 5334 2873 1558 0
593 332742 9 0.172200 4437 2111 1326 1
907 522144 11 0.113400 5037 3089 1839 1
950 254701 13 0.152700 5333 1021 857 1
706 268628 10 0.114100 5422 2044 1791 0
644 274976 11 0.156100 5226 2496 1551 1
946 304963 12 0.023700 4467 915 1542 0
978 509286 16 0.050300 5120 3620 1730 1
705 317576 14 0.144800 5423 3436 1587 1
964 573790 12 0.148900 4739 1186 1509 0
520 264618 9 0.118700 4567 3593 1335 0
874 349124 15 0.145200 5726 2728 1207 0
543 357087 15 0.102800 5826 3961 935 1
889 454273 17 0.082200 4353 1084 1050 1
570 312617 11 0.066700 5942 1660 1605 1
953 569923 12 0.025200 4262 1006 1931 1
744 294912 10 0.089100 4102 1350 1834 1
759 216821 14 0.088300 5011 2708 1693 1
591 256883 13 0.036800 4890 2012 1436 0
827 443984 11 0.081100 4090 3260 1738 1
628 344699 12 0.083300 5097 2532 827 1
881 444310 10 0.116000 4855 1317 1226 0
620 356368 13 0.170800 5100 808 1186 1
893 427536 11 0.070300 5899 1609 850 1
992 518192 9 0.082500 5456 2689 1793 0
945 456599 11 0.070200 5676 3456 1441 1
739 395528 17 0.032300 5085 2407 1622 1
783 345719 12 0.099300 5408 3064 1186 0
851 580325 14 0.063300 5708 1728 1284 1
914 392390 17 0.061600 5158 3347 926 0
751 244888 13 0.139000 5637 2566 1314 1
555 261477 14 0.160400 4421 2119 1668 1
921 376623 16 0.120700 5355 989 1547 1
511 167859 17 0.084400 5369 2371 1841 0
966 582858 11 0.150600 5872 2254 1327 1
619 338019 16 0.137200 5332 1664 846 1
804 210838 12 0.094500 5969 3287 945 1
671 318582 10 0.084700 5092 2376 2000 1
538 212283 9 0.124900 5586 1347 1414 0
643 269908 13 0.098600 5595 2844 1167 0
670 337587 14 0.143300 5418 3369 1749 0
903 602953 12 0.038700 5927 3542 1029 0
