994 445110 18 0.123400 5568 3862 865 1
588 242222 10 0.031000 4260 1980 1568 1
760 444832 15 0.098000 4773 2859 1076 1
831 271972 15 0.072000 4713 3254 1567 1
673 472861 14 0.029800 5231 3495 1993 0
792 410224 14 0.066700 5895 3175 850 1
944 548969 15 0.148700 4746 2086 1903 0
914 382272 17 0.079200 4004 1028 1514 1
720 355318 10 0.035400 5564 1341 1856 0
656 231587 13 0.153300 4568 1099 874 1
971 494515 13 0.124800 5145 3053 1515 1
591 287598 10 0.115400 5780 1191 1029 1
848 430719 15 0.136000 5820 1414 1409 0
862 425505 16 0.127900 5680 1094 1880 0
577 209947 17 0.181800 5408 3278 1025 1
874 437419 12 0.118200 5750 2115 1764 1
767 398254 13 0.105100 4252 2022 1840 0
683 440271 11 0.089500 4289 1732 1287 0
1000 449858 12 0.072200 4652 952 1513 1
619 426232 13 0.158600 5354 1638 1452 1
657 325100 11 0.040700 4272 3023 1036 1
807 383053 11 0.155900 4350 3092 1702 0
889 449074 14 0.067200 4468 1643 1128 0
627 367577 15 0.043800 5074 1300 1638 0
636 316008 13 0.149600 5643 2980 1797 0
867 353721 12 0.111700 5541 2637 849 0
777 306154 12 0.071400 4318 3465 1447 1
578 282065 13 0.128800 4226 1704 1903 0
744 299722 11 0.092800 4874 2782 1805 1
580 256017 14 0.102700 5151 3406 1737 1
505 257625 14 0.104800 4813 1793 991 0
964 560432 11 0.031000 5434 894 1822 0
503 210140 10 0.020200 4740 3677 1912 0
963 308922 17 0.079600 4194 1736 1409 0
586 288218 13 0.133000 4398 1439 1443 0
651 313751 11 0.065100 5128 3433 939 1
898 452849 12 0.079800 4404 3053 1347 0
884 566514 16 0.139100 5700 1224 1710 1
572 248267 10 0.092200 5127 1571 1973 1
529 353794 10 0.017000 5571 2716 1280 0
763 289037 13 0.103300 4965 3539 1252 1
709 448371 13 0.101000 5495 1768 1189 1
619 297606 13 0.093300 4401 2152 1521 1
653 405228 10 0.150600 5810 1052 1170 0
669 491925 12 0.081700 5069 2991 883 1
893 510714 13 0.141600 4758 3910 1103 0
992 599590 15 0.068600 4710 3448 1347 0
856 482774 14 0.111600 5635 3169 896 1
606 363737 9 0.168300 5578 3811 1420 0
931 519511 15 0.180300 4451 1504 1979 1
754 324982 14 0.157500 5525 2824 1889 1
692 427637 11 0.090800 5294 2988 1308 0
598 225174 15 0.089400 5813 2980 1650 0
528 280874 15 0.032600 4941 1734 1016 1
886 380040 16 0.066000 5522 2250 1964 1
951 447334 10 0.060200 4680 3930 1758 1
653 349739 15 0.044900 5248 3703 1265 1
845 465637 10 0.119200 4014 3533 1404 0
500 258498 13 0.110100 5230 3650 968 1
754 452783 14 0.093400 5892 1128 1128 1
556 365918 15 0.109100 5924 1869 1314 1
512 274230 11 0.091100 5901 2156 1673 1
768 360411 10 0.176200 5238 1458 1045 1
910 352545 13 0.166300 5224 2486 1419 0
746 303434 14 0.078400 4646 2286 1345 0
523 219884 12 0.156400 4195 3561 1206 0
693 462212 13 0.147400 5279 3461 1514 0
997 552841 17 0.068100 4779 2228 1522 0
587 253629 11 0.119300 4166 1828 1661 1
702 302219 9 0.028900 5188 1360 1061 1
796 567486 14 0.159900 4482 2939 1959 0
901 306440 11 0.059100 5934 1625 1102 1
689 462862 14 0.121600 5973 3692 1482 1
931 621376 17 0.035600 5795 1077 1043 0
733 536837 16 0.067000 5703 2298 914 0
600 284227 16 0.122900 5953 3847 1941 0
672 335244 12 0.057500 4077 1775 1833 1
979 532885 15 0.030000 5078 3741 1140 1
995 522299 9 0.064700 5746 3384 1768 0
695 382138 14 0.122800 5960 803 1036 0
593 334311 10 0.042200 4304 2110 1908 1
903 435565 15 0.086700 5550 2069 1798 0
563 303167 13 0.100600 5341 1884 1440 0
887 478322 9 0.045400 4532 1051 1632 0
704 282135 13 0.100800 4867 1808 1084 1
861 283420 17 0.167100 5287 3635 1512 0
953 372440 10 0.152100 5658 3273 1028 0
776 364467 16 0.077000 4907 3060 1619 1
800 477217 13 0.139300 4494 2089 839 0
822 418033 10 0.032500 5297 1257 1397 1
831 535610 17 0.122300 4982 1246 1354 0
794 459013 12 0.078200 5979 2983 1968 0
971 351757 18 0.049400 4296 2953 962 1
532 169877 15 0.056300 5098 3651 809 1
709 313203 12 0.080200 4795 3012 1726 1
985 580094 14 0.131600 5399 3201 1070 0
739 395645 13 0.108900 5524 3963 1963 0
730 343568 8 0.094800 4255 3784 973 0
604 287222 16 0.103400 4232 2845 1267 1
746 421063 8 0.059200 5394 1719 945 0
