993 419897 11 0.123000 5019 1087 1408 1
973 480461 10 0.110500 5359 809 1173 0
865 522582 9 0.133200 5617 1190 962 0
737 447107 11 0.087300 4288 3557 1020 1
970 603771 13 0.128600 5121 1268 1667 0
593 263613 16 0.042500 4688 3093 1011 1
697 279208 13 0.155300 5472 3372 955 0
873 482040 15 0.067800 4098 1194 1890 0
557 382531 9 0.082800 5187 2729 1770 0
567 193459 12 0.126300 4489 2180 855 0
681 463019 14 0.114900 4966 1040 1163 0
961 389032 18 0.051100 5071 1358 1528 1
634 370270 16 0.144400 4225 2933 1779 0
580 257199 11 0.161700 5388 2222 822 1
679 230799 15 0.043800 4548 1321 1101 0
996 598555 8 0.027700 4181 1958 873 0
722 238599 18 0.062900 5103 1452 1183 0
541 274902 11 0.139300 4002 1262 1140 0
808 283864 11 0.049900 5391 2538 1626 0
633 327845 9 0.081900 5031 2235 1234 1
815 398206 13 0.087100 5039 2224 1521 1
963 657438 16 0.038400 5629 1624 1468 0
600 364128 15 0.121800 4718 3315 973 0
900 487793 10 0.085900 4435 2678 1920 0
965 618142 10 0.078200 4720 2028 924 1
749 412672 8 0.062700 4124 2048 833 0
822 307344 14 0.024900 4410 1437 1401 1
534 319551 10 0.062700 5587 3111 1765 0
678 227686 15 0.058800 4037 2620 1281 1
549 207982 16 0.171600 5761 2718 1073 1
627 271734 14 0.106900 4315 1962 1287 1
669 388905 14 0.096300 5634 1433 915 1
654 209055 16 0.142500 4579 2416 1674 1
774 427233 14 0.174200 5049 2395 920 0
576 283046 13 0.016000 4763 3509 824 0
865 505552 14 0.110900 4695 2094 1334 0
607 348435 14 0.157200 5110 1328 1828 1
692 384630 12 0.104000 5087 2916 960 0
784 501119 17 0.088700 5852 2779 1048 1
757 490525 11 0.113600 4572 3347 858 1
669 456899 13 0.083500 4298 1753 827 1
865 327218 13 0.123400 4152 3445 1977 0
918 243657 10 0.093200 4976 3143 1629 0
739 257803 14 0.090700 4480 1133 1612 0
826 564066 14 0.120000 4241 1568 1240 0
607 295502 12 0.127000 5758 3333 1201 1
710 389756 15 0.114500 4826 1617 1496 1
572 278802 15 0.094000 5895 2637 1260 0
659 241787 17 0.183700 4413 917 955 0
835 538413 16 0.171400 5096 3944 974 0
828 306098 14 0.102800 5303 1722 1005 1
875 328320 13 0.144300 5252 3262 1616 1
690 416695 8 0.124400 5707 1515 1476 1
979 426498 8 0.171700 5789 3806 1410 1
544 252049 13 0.132000 4475 2314 1512 0
908 412927 15 0.042100 5242 1358 1458 0
966 420777 11 0.078300 5221 3716 1027 1
704 407418 11 0.095500 5481 1116 1383 1
890 291054 14 0.077200 4685 3459 1311 1
827 274748 12 0.115100 4599 3905 1110 1
916 431038 12 0.009200 5712 1342 932 0
810 378902 14 0.097800 5574 2878 1171 1
946 288257 12 0.091100 4105 2730 1605 1
953 512909 11 0.156000 5689 2330 1365 0
500 312372 15 0.124300 5171 1849 1276 1
685 220481 12 0.142000 4426 3386 1560 0
808 334427 16 0.076200 4089 2005 1613 0
799 285180 13 0.066200 5338 3852 1793 1
745 286727 13 0.078300 5407 2142 1252 0
793 415023 14 0.113100 4580 3823 1822 1
637 409748 14 0.105500 4904 974 1476 0
952 466760 12 0.105900 5983 3016 1374 0
599 415411 10 0.029700 4356 2700 1921 1
536 261781 11 0.030500 4229 1149 1520 1
881 233892 12 0.160000 5285 3269 1232 1
774 377839 16 0.129200 4811 1076 1871 1
697 275570 9 0.185500 5276 2865 1050 1
914 291550 10 0.122300 5531 870 1063 0
797 409208 11 0.069300 5867 3971 932 0
880 374200 9 0.118300 4708 3047 876 1
845 321245 12 0.123800 5643 824 1103 0
738 256633 13 0.095000 4501 2375 878 1
968 592114 18 0.132100 4543 1083 835 1
901 310980 11 0.093100 4186 3090 1033 1
971 522290 12 0.100700 4267 2318 1491 0
575 191271 12 0.015100 4531 2049 818 0
924 480000 17 0.183600 5327 1378 1510 1
855 542749 13 0.137800 5146 3762 832 0
887 486677 15 0.022000 5757 1194 1155 1
961 472412 11 0.097400 4720 1316 897 0
851 544940 11 0.150200 5483 2550 1464 1
657 321164 12 0.145500 4381 2779 1840 1
925 414116 14 0.074700 5367 3225 1264 0
909 511024 9 0.123800 5064 1812 1001 0
817 431926 10 0.142900 4463 3336 1463 1
751 474457 10 0.036000 5619 1351 1060 1
805 382286 13 0.100100 5942 3106 1369 0
919 490501 13 0.043800 5467 2829 1540 0
503 191838 11 0.024400 5019 2967 1210 1
766 379181 12 0.021200 5717 3834 1134 1
