634 255907 18 0.132400 5711 2568 958 1
545 206909 12 0.142100 5556 3514 1838 1
923 475730 16 0.156200 5851 3791 1962 0
777 379454 11 0.089600 4888 1802 935 1
928 412744 12 0.086100 4813 3747 1600 0
1000 497703 16 0.064200 5542 2157 1290 1
528 265417 10 0.157700 4200 1578 1142 1
605 294511 13 0.185000 5973 2827 1672 1
832 431932 18 0.098100 5260 3669 857 1
592 164546 17 0.080200 5534 3822 1423 1
742 352426 15 0.069800 4824 2486 845 1
723 329025 10 0.130800 5840 1497 1667 0
959 536144 13 0.111200 4816 1883 995 0
857 373729 15 0.098900 5700 3933 1786 1
583 229059 17 0.113000 4471 3189 1040 1
700 415739 12 0.048900 5261 2705 1959 1
538 253040 14 0.130700 5247 2829 1447 0
947 447581 10 0.100300 5943 948 1776 0
519 245809 14 0.107600 4833 1387 1066 0
538 283182 17 0.044800 4388 3481 834 1
758 537330 10 0.138000 4499 1923 1806 0
930 598367 10 0.023600 4983 2590 1835 0
624 415557 12 0.140500 5748 3360 1306 0
951 266205 9 0.047700 4444 3675 922 0
796 392502 12 0.088300 5113 1140 1691 1
736 402965 15 0.096500 4833 1966 1830 1
799 276615 13 0.078300 5407 2230 1777 0
902 666556 13 0.100400 5921 2674 838 0
864 271848 12 0.089100 5242 1193 1205 1
521 238101 12 0.051000 5207 3421 1768 1
990 627877 13 0.086200 5153 2002 940 0
888 611819 16 0.095700 5594 1121 1290 1
609 355892 14 0.145400 5090 3906 809 1
832 479212 9 0.159500 5327 1818 1111 0
538 310720 11 0.126500 5497 1079 807 1
949 512417 13 0.103900 5739 1371 1890 1
847 428370 14 0.129000 5497 2651 1808 1
840 531640 11 0.121600 4560 3696 1351 1
944 635310 16 0.136100 5221 3213 1667 0
765 360153 17 0.156000 5528 2888 1107 1
699 359949 13 0.116800 4514 2702 851 0
717 455355 9 0.064700 5218 1705 1086 0
683 224879 11 0.103100 4430 2293 889 1
811 436882 15 0.125500 5812 1842 1906 1
985 480524 17 0.083600 4688 3563 1335 1
944 571519 13 0.131100 5611 864 1027 1
568 407999 14 0.135600 5441 3540 1839 0
741 424795 10 0.127900 5389 1120 1921 0
949 523632 18 0.173000 5571 1845 1786 1
936 653387 14 0.115200 5428 2943 1481 0
820 400837 12 0.121200 4902 1313 1734 0
748 238648 15 0.035100 5778 2043 956 0
669 284027 11 0.165400 5556 1648 978 1
982 525552 11 0.011700 5423 2417 1250 0
649 363292 11 0.092300 4990 2278 810 0
932 376857 13 0.151500 5595 2160 1618 1
706 458173 12 0.119200 5616 1149 1782 1
501 164314 17 0.018700 4215 1441 1491 0
769 282405 12 0.119500 5821 1954 1790 1
906 389745 11 0.145700 5276 1890 1787 0
877 417657 13 0.112600 5960 3010 1001 0
524 257776 14 0.128400 4262 1638 1610 0
544 308037 14 0.083900 4552 830 1076 0
717 321321 11 0.070700 4895 2446 1754 0
711 292267 13 0.133700 4076 2346 1891 1
818 407996 11 0.135800 5962 2407 1868 0
648 291634 11 0.105900 5739 1620 1208 0
683 394771 11 0.105400 5247 1427 1965 0
709 302607 13 0.174400 5758 888 1258 0
703 371691 12 0.084000 4137 3863 1112 0
756 254613 14 0.087800 5729 2938 1054 1
562 217117 14 0.099600 5094 879 924 0
550 195008 12 0.089900 5476 1178 1697 1
535 171918 14 0.121900 5168 3013 1226 0
797 461594 10 0.108900 4723 2405 1515 0
712 333616 9 0.082800 5181 3722 1844 1
560 192313 16 0.097900 4647 2542 1562 1
809 335382 16 0.186500 4711 3346 827 1
628 204309 17 0.124600 5706 1807 1817 1
930 604789 14 0.123000 5769 3079 1660 0
983 553997 17 0.013700 5013 3450 1915 1
705 456444 12 0.101800 5579 1857 1644 1
945 544507 11 0.146800 4857 2051 1054 0
584 241983 15 0.108000 4684 3429 1013 0
643 193408 13 0.119400 4224 1656 1967 1
742 274897 12 0.153500 4708 3671 1814 0
782 322626 15 0.043200 5133 1792 1608 0
630 285873 14 0.122300 5822 1431 1958 1
746 313195 10 0.093000 4758 2523 1234 1
623 345611 10 0.110700 4968 1994 1767 1
545 296027 14 0.086000 4366 1295 1081 0
928 554505 13 0.109500 4598 3006 1632 0
918 445831 8 0.166000 5221 3048 1976 1
653 321035 14 0.032400 5078 2212 1272 0
928 381341 15 0.104900 5612 1811 1936 1
568 382834 14 0.083800 5041 2675 1387 0
621 305860 17 0.143100 4618 3455 1244 1
995 478461 16 0.075900 5234 1395 1938 0
696 378305 13 0.114600 4651 1803 919 0
986 406589 16 0.059500 5044 3896 1463 1
