790 525801 13 0.127100 5759 2431 1404 1
648 281401 14 0.069500 5963 3345 991 1
619 284642 13 0.109100 5251 3138 1023 0
869 305042 12 0.021700 5091 2859 1326 1
715 371549 10 0.110800 4766 1860 1363 0
974 499527 12 0.104500 4289 1162 1435 0
948 440025 14 0.057900 5097 2319 1642 0
907 487426 18 0.031600 5114 2469 1894 0
625 402836 12 0.059600 5247 1114 1743 1
712 283390 15 0.124300 5939 1889 1538 1
898 378222 16 0.145800 5733 2827 1988 0
585 292295 10 0.103500 5374 1097 1169 1
725 506927 11 0.138600 5867 2928 838 1
792 574022 11 0.102100 5165 1653 1472 0
615 254354 13 0.070700 4669 3627 1335 0
683 469829 12 0.095500 5879 2773 1281 1
816 441372 12 0.098800 5518 3149 1356 1
997 257361 16 0.124100 4921 1081 1086 1
955 463055 13 0.151900 5594 1851 1342 1
913 607634 18 0.065600 5136 2155 1259 0
710 293669 10 0.059200 4883 2398 1142 0
721 278893 16 0.161300 5147 3719 1367 0
920 546417 10 0.123100 4531 3394 1962 0
505 306337 11 0.085800 5446 1591 1056 0
676 405370 14 0.144700 4838 2238 1836 0
924 629189 13 0.132500 5942 3613 1654 0
945 503627 12 0.092700 4399 961 911 0
558 266249 16 0.154100 4863 2689 1891 0
915 354918 16 0.106500 5828 1292 961 1
769 335446 8 0.103900 4346 3033 1106 1
657 335497 17 0.126700 4311 3997 1558 0
906 455119 15 0.053000 4644 2011 1508 0
805 558368 15 0.109800 4208 1720 1429 0
706 259011 12 0.110000 5310 3868 930 0
638 319492 10 0.178600 4394 2390 1757 1
756 310562 11 0.097900 4430 3805 942 1
550 251418 12 0.086200 5322 1823 889 0
966 421072 14 0.107200 5206 3114 1286 1
868 341363 10 0.087600 4175 3476 953 0
909 584731 16 0.073400 4088 2849 1555 1
662 312276 14 0.058600 5596 3001 1967 0
767 442012 10 0.121100 5856 1615 1508 1
630 408418 17 0.177500 5923 3780 1111 1
761 369620 13 0.162700 4811 1209 876 0
637 252182 15 0.102400 4862 1290 1305 0
872 249878 11 0.130600 5656 1109 1024 1
847 383147 12 0.061000 4399 1314 967 1
816 469045 13 0.124900 5529 1848 1311 0
866 542142 16 0.092800 5610 3097 987 1
884 616059 15 0.121500 4804 2757 1587 0
634 308379 14 0.160700 5741 1931 1196 0
535 185481 10 0.056500 5918 1893 1129 0
677 352069 14 0.090200 4219 1183 1213 0
505 259620 17 0.052500 5904 1158 1150 1
519 218056 16 0.159800 4329 3788 1219 1
820 361440 10 0.081900 4124 1211 1231 1
638 255207 13 0.107700 5467 1392 1307 1
781 282270 10 0.112100 4956 2173 1474 1
736 324346 12 0.071800 4994 2581 1845 1
857 399854 17 0.136800 5481 1983 1831 1
512 244996 11 0.064300 4159 1775 1901 1
914 418146 17 0.121800 5855 2102 1761 1
516 246978 12 0.127400 4802 3761 1728 1
926 471748 11 0.085000 4973 2330 1232 1
892 514755 16 0.069400 4092 3603 1929 0
681 334324 12 0.117000 4709 1418 1574 1
863 469862 11 0.175700 5225 1582 1527 1
737 353664 14 0.068500 5382 3289 1345 1
530 304173 11 0.114200 5101 2919 1230 1
952 546533 16 0.120400 4077 1164 1970 1
927 331272 14 0.034300 5954 2177 1959 0
548 192439 17 0.115500 5109 1839 873 0
607 314342 17 0.151800 4082 2084 1760 0
571 308469 10 0.150800 5593 2859 1058 1
819 534401 18 0.078400 5860 2915 936 0
839 395506 15 0.109200 5189 1148 877 0
614 357974 15 0.027600 5276 2003 1224 0
567 378990 8 0.081700 5461 1010 1110 0
564 379552 15 0.097700 4011 913 1855 0
894 345885 9 0.046300 4271 2112 949 0
597 314294 11 0.067900 4269 1388 1283 1
706 275226 14 0.058100 4424 2387 1628 1
686 434336 15 0.173000 4131 1108 1541 0
557 353906 12 0.091800 5308 1847 1632 1
712 379473 11 0.098800 5173 1398 1049 1
680 274187 17 0.122500 5713 2495 1213 0
522 306335 14 0.063100 4765 1128 1068 0
546 201587 12 0.015800 4171 2517 805 0
508 227395 12 0.076900 4348 1664 844 0
968 496470 12 0.089800 5713 1919 1501 1
909 492850 10 0.064800 4741 1263 1733 1
751 462088 17 0.104300 4860 2867 1542 1
550 317414 16 0.127300 4182 2554 879 1
934 622136 11 0.111300 5174 3897 1761 0
812 441411 11 0.100500 5278 3267 1385 0
681 375308 11 0.151300 4801 3843 973 0
552 372799 10 0.141800 4699 1857 1318 1
934 593967 17 0.070500 4316 2424 1434 1
831 306551 18 0.055200 5297 2417 892 1
671 354490 14 0.166400 4089 3499 1457 0
