559 381937 13 0.076100 5525 3621 1724 1
908 306294 11 0.066800 4705 1006 1222 0
531 251538 17 0.150400 4650 2444 1400 1
935 555996 10 0.143800 4517 1483 1171 0
967 550190 13 0.105800 4733 2328 1730 0
501 204352 11 0.037700 4175 3756 1801 1
516 232777 13 0.010500 4444 1551 1386 0
599 351953 13 0.038900 4171 2721 903 1
586 203649 14 0.091100 4686 1756 1480 1
678 322047 16 0.147500 4946 3488 1664 1
975 527126 13 0.128100 4432 1756 1295 1
665 367342 13 0.124100 4598 2443 1805 0
908 513295 14 0.123900 4641 3798 1711 1
842 398036 14 0.126400 5240 2079 1692 1
639 321104 17 0.116100 5726 1326 1166 0
952 345425 13 0.166000 4487 3459 1490 1
627 341769 10 0.124800 5092 2118 1728 1
807 349941 14 0.168200 5956 3219 1421 0
790 559044 15 0.093400 5230 899 1818 0
802 460633 15 0.174700 4587 839 1546 0
575 233455 12 0.034400 5405 2657 909 0
591 203440 15 0.085600 4402 1935 864 0
532 290362 16 0.181800 4972 1403 1846 0
987 421630 11 0.097400 4240 965 845 0
650 353022 14 0.152000 4161 1085 1820 1
766 438557 16 0.137000 4395 1950 980 1
811 523097 15 0.102400 4896 2224 1453 0
513 266241 17 0.087100 4651 819 1577 1
905 352468 17 0.126100 4162 1288 1111 1
520 331107 10 0.052400 5393 2331 1769 0
835 455782 13 0.095100 5825 3314 1197 0
936 418038 9 0.135800 5632 2778 820 0
549 316663 12 0.028900 5959 2281 1881 0
574 176677 14 0.044500 5570 889 1619 1
807 437485 14 0.081400 5205 2548 1392 1
536 336911 10 0.107000 5943 2970 1283 0
980 550743 8 0.092100 4610 2387 1898 1
795 487289 11 0.142300 4559 2667 1703 0
772 499012 13 0.089000 5177 2399 1615 0
857 290494 14 0.128100 5169 1519 1692 0
943 546268 10 0.068400 5946 1379 1404 0
977 535905 15 0.121700 5520 3447 1499 1
536 275038 13 0.110400 5327 860 1668 1
682 397052 12 0.063300 5680 3520 1695 1
537 272388 12 0.153800 4072 1435 1891 0
617 408418 12 0.078500 4872 3622 1190 1
750 289467 12 0.052500 4245 1372 968 1
511 184812 12 0.013400 5920 2295 1476 1
549 274025 8 0.052700 4495 1055 1690 0
586 271071 15 0.066200 5237 2173 804 0
794 400659 14 0.041700 5620 3678 1581 0
647 418326 14 0.034400 5302 3635 1101 1
951 438232 8 0.118800 5744 2634 1715 1
995 644703 11 0.102300 4048 3675 1923 1
779 390463 11 0.179800 5296 1000 1551 1
751 416642 17 0.143400 5047 3856 1037 1
975 490103 15 0.116100 4474 3902 997 0
804 551318 13 0.182300 4343 3546 831 1
976 391835 16 0.058400 4347 3632 1036 0
730 308727 16 0.102500 5868 2229 1812 0
721 386930 14 0.117200 5916 929 1318 0
855 512195 17 0.158600 4722 3412 1789 0
643 367885 12 0.092500 5106 2675 1256 1
764 393602 12 0.056600 5966 2804 1955 1
880 404840 14 0.048500 4314 3505 1564 1
927 544692 12 0.087600 4404 1612 872 0
665 373528 16 0.049300 4686 1878 1227 1
598 364710 10 0.129300 4743 3536 1332 0
864 498749 11 0.085400 5818 1907 1145 0
621 352675 11 0.101700 5403 3984 1010 0
842 552290 16 0.137300 5189 2483 1601 1
586 228948 8 0.119800 5670 1273 1995 1
908 444100 18 0.107200 4458 2706 1919 1
934 431366 16 0.111900 4691 2989 1208 1
631 223600 10 0.126000 5942 3604 1469 0
791 490749 13 0.095400 5312 2252 1796 1
509 349109 16 0.099700 5104 3852 912 0
502 257568 13 0.009200 4995 2972 1368 0
842 489584 14 0.104200 5554 2714 1476 1
612 302875 12 0.125500 5156 1592 915 0
539 218554 14 0.132900 4116 2212 893 0
858 441930 16 0.041000 4906 2184 957 1
710 342677 13 0.074500 5489 1384 1865 0
838 354523 12 0.107500 4122 3866 1863 0
726 251687 12 0.109200 4873 2616 914 0
732 499532 15 0.056300 5532 1791 1587 1
729 344895 13 0.057800 5461 3449 1999 1
528 303391 15 0.157100 5115 2754 1224 0
543 262068 16 0.070900 5250 3240 1125 1
782 440768 16 0.111100 4860 2051 1771 0
610 284568 10 0.180400 4516 925 811 0
712 432580 15 0.095100 4781 953 1855 1
811 420443 11 0.101900 5440 1788 979 0
895 465572 11 0.157200 4559 1168 812 0
904 606476 16 0.079200 5479 3200 1796 1
548 216619 13 0.039500 5993 3157 946 0
712 380830 8 0.162100 4154 3770 1906 1
555 283761 14 0.064200 4562 2592 945 1
753 442708 14 0.080200 5799 3462 1179 1
605 231875 14 0.096600 5719 851 1173 1
