886 332424 11 0.116600 5239 815 1218 0
670 377503 12 0.101800 4418 2792 1638 0
505 262215 17 0.088300 5133 3608 1600 1
943 373394 11 0.171400 5777 2471 1805 0
561 297888 13 0.171700 5139 2170 1314 1
646 232203 11 0.063600 5272 1676 1700 1
511 223649 15 0.127700 4193 1885 1246 1
585 304101 17 0.038800 5190 2305 1409 1
953 491329 11 0.091800 4980 3205 1255 0
552 236007 13 0.139700 4926 2427 1807 0
618 295638 17 0.085600 4375 3164 1882 1
665 260986 14 0.107700 5595 2339 1592 0
576 333353 11 0.086000 5062 2827 1508 1
669 336770 14 0.108100 5176 1929 1849 1
755 450624 15 0.115000 4007 1808 1636 0
954 546223 11 0.120900 5236 1004 1987 0
780 316851 15 0.174400 5969 2584 1351 0
983 518292 14 0.113700 4753 2152 1687 0
686 395284 13 0.153400 5904 3149 1373 1
715 351305 12 0.082200 4149 2582 1082 0
544 243717 14 0.030100 4258 1287 1137 0
754 480702 15 0.150000 4179 1397 1813 1
869 582937 12 0.058700 5577 1605 991 1
557 233678 13 0.114700 4550 1176 1674 0
976 279076 13 0.103200 5942 2064 1710 0
654 394675 9 0.054000 5785 1190 1714 0
827 338800 11 0.059100 4565 2045 1352 0
959 497036 18 0.126200 4027 3815 1458 0
586 221871 13 0.133400 4254 1115 1565 0
947 501309 15 0.020300 4065 3101 1614 0
895 327566 13 0.036300 4059 829 1847 0
753 302182 11 0.145300 5472 3851 1892 1
587 345999 12 0.081800 5616 2533 848 1
866 436106 12 0.074100 4953 3740 860 0
815 459240 12 0.088700 5114 2383 1038 1
772 433381 10 0.086200 5853 3816 854 1
684 305171 13 0.140700 5181 3590 1619 0
560 336395 15 0.098500 5619 1671 1565 1
892 450768 10 0.090000 5197 2365 1235 1
831 403317 10 0.054700 4453 2225 1006 0
746 444397 16 0.161100 4166 2721 915 1
549 302836 11 0.058900 5858 1259 1626 0
850 565472 13 0.068900 5440 1417 1598 0
982 571978 9 0.049600 5502 3726 1565 1
991 614644 13 0.042800 4939 2250 1154 0
816 489926 14 0.176100 4919 3597 1869 0
566 218304 11 0.099300 5594 3288 1219 1
775 434001 11 0.098100 5741 3212 1416 1
903 398402 13 0.120100 4479 2399 1308 1
794 249378 9 0.102000 4573 1590 1265 1
759 287762 11 0.058300 5453 3531 811 1
691 334270 13 0.076900 5057 2199 1196 1
640 291780 13 0.122100 4991 2099 875 0
604 350221 10 0.044000 4878 1497 1356 1
742 534699 12 0.087800 5522 3510 1131 1
890 390920 17 0.068300 5517 1457 1005 0
547 217116 13 0.041000 5386 2866 830 0
936 442106 11 0.042400 5691 896 979 0
956 532014 18 0.129400 5103 3592 1517 1
736 511381 11 0.054500 4761 1727 1055 1
788 289581 16 0.026500 4480 1014 1164 0
888 424143 12 0.050400 4932 1884 1414 0
935 312816 16 0.140400 5831 3883 1065 1
545 341347 17 0.061200 5660 3032 1554 1
530 293651 13 0.104900 5592 3805 1344 0
735 419785 12 0.056100 4735 1497 1535 1
710 303093 12 0.109100 5833 1180 1963 0
918 639311 14 0.141700 4279 3163 1450 0
696 414241 17 0.023000 5429 2415 1404 0
650 258835 12 0.124200 4650 2080 1936 1
666 197464 10 0.170600 4286 2274 1896 0
572 255032 14 0.081200 4128 3941 1811 1
525 279223 13 0.022500 5381 2607 1086 0
789 391986 14 0.122700 5578 3705 1531 1
813 389005 14 0.064000 5579 2832 1903 1
658 320405 13 0.119300 4767 1991 1228 0
625 350872 15 0.093200 4144 2018 1756 1
726 414560 16 0.077700 5485 3322 1919 0
714 364963 14 0.034100 4601 2564 1917 1
910 422163 14 0.155600 5125 2681 1339 1
918 465969 12 0.142900 4784 2477 926 1
628 417710 13 0.045600 4608 1715 1446 1
927 613781 13 0.169500 4977 1038 1223 0
758 390492 11 0.147600 4329 2717 1651 1
819 410657 15 0.149300 5571 2582 853 1
965 452991 12 0.117700 5850 905 915 0
844 323697 11 0.112900 5079 1016 1396 0
952 537685 9 0.117400 4775 3721 1361 1
992 280924 15 0.144500 5558 3586 1522 1
514 227889 10 0.186800 5988 1763 886 0
587 254736 15 0.115800 5100 935 1275 0
723 394831 14 0.097700 4264 2186 1357 1
799 262908 10 0.122200 5256 3949 1347 0
972 497974 16 0.139700 5515 2134 1801 0
638 413575 17 0.158600 4178 1438 1145 1
720 351446 14 0.085300 4825 1517 908 0
694 339973 15 0.150300 4070 2737 1129 1
645 339640 14 0.116000 4078 2495 1026 1
658 282672 12 0.080500 4608 2234 1686 0
692 408323 12 0.138700 5884 2230 1912 1
