606 322819 12 0.084000 4035 3291 1778 1
721 296387 13 0.030300 4085 898 1564 0
596 337385 11 0.081900 4780 3495 1001 0
956 476530 16 0.110400 4677 2635 1818 1
558 386679 9 0.053000 4271 1018 1921 0
858 424037 12 0.050300 4994 3410 1410 0
538 169675 13 0.166900 4324 1099 1676 0
512 356385 15 0.086200 4415 1786 1478 1
761 422517 15 0.126100 4897 1731 944 0
538 265477 18 0.055500 5724 1612 1924 1
847 366063 14 0.047300 5914 3751 1932 1
538 315120 14 0.041400 5510 1811 1308 0
866 453755 15 0.122900 5233 1768 1703 0
935 377047 14 0.120300 5106 2097 1489 0
907 293476 11 0.059100 4814 3365 1648 1
980 609047 12 0.106600 5722 3590 1233 0
836 370584 13 0.027200 5994 2667 1745 1
897 639750 15 0.145600 4752 3537 1190 1
890 378095 17 0.150400 5179 1655 1906 0
821 448700 12 0.095200 5773 2998 1162 1
531 249472 11 0.090500 5123 1402 1611 1
831 499577 14 0.042200 5738 3327 973 1
610 351476 15 0.117400 5189 1418 1569 1
548 288901 14 0.101200 5044 2276 974 0
969 422103 14 0.148300 4440 3627 1372 0
630 342383 13 0.051700 5189 2109 1989 1
694 327567 11 0.144500 5189 1969 1224 1
819 514318 16 0.009600 4795 1137 1427 1
682 339675 12 0.072200 5440 1497 1974 1
812 453228 11 0.138400 4179 2688 1445 0
709 342840 15 0.030500 5654 2321 1701 1
666 235414 12 0.038200 5545 3756 1003 0
974 641098 13 0.157700 5985 2506 1061 1
602 260729 8 0.157800 5491 803 1130 0
524 301939 16 0.068300 5435 3532 1638 0
865 495730 12 0.115800 4176 2800 1506 0
687 285632 15 0.137900 4788 3867 1879 1
573 234999 10 0.013700 4271 2066 1935 0
677 268912 12 0.085400 4166 1864 1335 0
867 429737 15 0.078700 5525 3131 1308 1
820 476889 13 0.048400 5123 3079 1369 0
879 297429 12 0.116500 5187 1171 1637 1
651 364843 10 0.143900 5584 3848 892 1
720 459082 11 0.133300 5758 2063 1424 0
528 354867 14 0.126300 5327 2993 1349 0
932 435442 15 0.085100 5301 1283 1408 0
944 471545 15 0.106200 5390 1260 1608 0
539 215419 11 0.181700 4314 1665 1210 0
673 411333 13 0.027400 5788 3735 907 1
591 182860 12 0.040600 5855 2371 1346 0
868 311675 15 0.139500 5741 2755 1265 1
787 341017 12 0.119600 4791 3781 1143 1
615 374059 10 0.088900 4672 2873 1834 0
604 283733 17 0.105500 5958 2711 1828 1
603 288475 8 0.081300 4846 1167 919 1
708 472387 12 0.061900 5263 2434 1158 1
608 322748 13 0.160000 4622 2758 1719 1
862 509709 12 0.097300 4389 1507 1966 0
605 287294 14 0.104500 4798 3211 1523 1
511 343331 12 0.075900 4349 1734 1769 1
594 210863 9 0.073200 5578 2502 1876 1
636 317463 14 0.102900 5539 2235 1295 0
820 503180 18 0.096100 4610 1959 995 0
571 401092 11 0.133500 5541 1546 1003 1
542 283997 13 0.076500 5498 3407 1108 1
875 390177 14 0.094300 5199 1322 1241 0
616 392620 17 0.121700 5392 3868 1226 1
647 257021 16 0.092400 5086 1013 987 1
651 301681 11 0.056000 4762 1919 1661 0
826 426965 18 0.107700 5215 3816 1371 1
576 290676 9 0.052200 4219 3083 1640 1
590 411783 10 0.111200 4381 2850 1908 1
813 342062 9 0.044400 5679 958 1961 1
935 383107 14 0.025800 5567 1663 1168 0
567 282870 12 0.151600 5893 2427 1956 0
793 397320 15 0.112900 4374 1584 1568 0
525 209216 15 0.055400 4831 808 1247 0
912 333831 12 0.097300 5095 2616 1807 1
767 420322 13 0.140000 4084 2699 1768 1
500 340703 10 0.074900 4029 2713 1655 0
817 431546 13 0.144100 5187 3095 1425 0
766 450425 15 0.099900 4152 3727 1392 0
628 425987 12 0.117300 5822 2049 1246 0
788 356183 14 0.066000 4080 1234 1417 1
908 607069 14 0.057500 5747 3942 1334 0
886 384360 13 0.030200 4899 1946 1362 0
836 423307 18 0.065200 5796 3720 1784 1
686 362828 16 0.077300 5372 921 913 1
821 439951 17 0.038700 4436 2049 1567 1
626 273129 16 0.104500 5193 3520 1786 1
595 294256 9 0.070000 4903 2620 1235 0
995 444975 10 0.167900 5777 2185 1667 0
609 269822 16 0.112000 4122 2167 1225 1
719 222675 14 0.140500 4399 3235 1263 0
771 339765 10 0.172300 4149 2595 846 0
750 514768 15 0.128300 5662 1955 1683 1
904 320921 14 0.046000 4088 1811 1116 0
813 469274 13 0.083900 5607 2058 829 1
757 393107 15 0.108600 4034 816 1194 0
568 323104 14 0.103700 4590 1370 1479 0
