646 260728 13 0.138400 5819 3400 851 1
866 531122 10 0.187900 4828 3975 1936 0
802 450957 8 0.062900 4399 2433 1213 1
814 594235 16 0.092500 5144 1786 947 1
778 438244 12 0.069100 4951 1917 821 0
758 205579 8 0.135200 5305 2723 1633 0
732 241649 14 0.019700 4297 1393 1374 0
970 614839 13 0.071600 5856 2842 1480 0
893 352355 12 0.058700 5909 2238 1412 0
856 463266 13 0.076900 5181 2617 1947 1
696 465790 12 0.083300 4296 3542 1490 0
571 270212 16 0.005700 4422 3814 1514 0
698 318038 15 0.107000 5579 1245 1929 1
756 535914 11 0.093800 5978 3000 1526 0
916 477191 15 0.116700 4561 3772 1196 1
957 531265 14 0.083000 5180 901 1509 0
620 223990 16 0.136500 4409 3867 1261 0
974 351180 12 0.122400 4028 1468 1392 0
743 275167 13 0.094100 4825 2711 1629 1
799 380132 11 0.112700 4201 3949 1907 1
714 246350 13 0.191400 5581 2534 1315 0
687 433298 12 0.029400 4923 3892 1109 1
918 506029 10 0.115500 5040 2527 998 0
544 297074 15 0.083000 4768 2093 1446 0
999 400496 10 0.054900 4680 3911 1179 0
592 389644 11 0.079800 4549 2144 1551 1
665 208224 16 0.036500 4706 2137 1717 1
774 463696 12 0.096300 4595 3234 1894 1
515 211636 9 0.086200 5515 2688 1102 1
965 506850 14 0.085200 5629 1455 945 0
716 466110 14 0.159100 5580 1439 1814 1
575 380458 10 0.073800 4966 2650 946 1
676 341503 15 0.147100 4962 1693 1428 1
946 500068 16 0.105300 4153 3677 865 0
807 462062 13 0.003500 5328 3662 1927 0
594 298697 10 0.082300 4578 923 1837 1
851 442845 15 0.073200 4101 2805 1778 0
828 410291 17 0.050100 4192 1776 1099 0
550 266315 8 0.064300 4728 888 1778 1
803 449033 13 0.075600 4291 1969 1073 0
808 419505 12 0.050400 4234 3305 1676 1
587 333716 13 0.008800 4844 3877 820 1
743 398745 10 0.062200 5125 955 1013 0
666 226232 13 0.079600 4881 1402 1510 1
864 322291 13 0.080500 5146 3943 917 1
879 431434 13 0.139100 5795 2070 1360 1
817 353997 15 0.060500 5923 826 1114 0
770 433252 16 0.122800 4125 2337 1210 1
626 315447 14 0.084400 5879 2143 1627 0
930 529098 13 0.116800 5226 906 1621 1
921 410744 12 0.161000 4833 1534 1393 1
982 562675 14 0.100400 5212 3113 1574 0
716 369680 18 0.069500 5352 2213 1199 1
760 482814 15 0.043000 4609 3567 1412 1
797 449854 12 0.105300 4301 3342 1078 1
605 225909 10 0.092700 4550 3392 1949 1
781 375237 15 0.061300 5772 1854 1870 0
755 473727 12 0.090300 5843 2308 1569 0
885 329490 17 0.073900 4980 3851 1132 1
552 161021 13 0.050400 4825 2782 1657 0
788 537925 8 0.050200 4910 3201 1381 1
601 297440 15 0.084600 4405 3007 1172 0
743 306827 17 0.128300 5119 3390 1179 0
867 497120 16 0.068800 4060 1541 1792 1
982 458189 13 0.096200 5132 1715 1298 0
572 337969 12 0.097500 5014 3405 1808 1
758 388905 9 0.162500 5569 3682 1900 1
570 285444 12 0.129200 5305 1188 1928 1
891 403338 14 0.108500 5985 3760 1731 0
864 392808 17 0.125300 5836 1188 1013 1
634 244068 16 0.109800 4174 1929 1648 1
849 321623 11 0.068600 4827 3206 1220 0
955 681506 14 0.018500 5777 3496 1018 1
824 467411 10 0.135200 4429 3870 1768 0
913 457491 13 0.074700 4680 1067 1494 1
979 554959 9 0.092500 4471 2928 1928 0
627 313300 11 0.094600 5587 2869 1366 0
522 289154 15 0.131000 5520 2475 1907 1
769 413454 16 0.113400 4334 1606 810 1
865 378340 16 0.062700 5568 1019 1330 1
811 416447 14 0.077300 4001 2810 885 1
789 494373 10 0.135200 4323 3574 1955 0
954 383906 12 0.147900 5692 3782 1312 1
835 408212 16 0.075000 5987 1736 1690 1
529 214955 17 0.077800 4032 1574 1522 1
539 226937 15 0.050600 5453 2676 1613 1
932 455482 13 0.040700 5227 2943 1555 0
704 244367 13 0.033200 4193 1536 1994 0
749 406776 12 0.080800 5387 3295 1388 0
697 271641 14 0.055300 5096 2756 1916 0
727 464129 15 0.047800 5656 3318 1808 0
756 287954 17 0.063300 5528 1480 1792 0
540 291813 16 0.118900 5572 1126 1568 0
757 477139 16 0.035700 4473 3585 1813 0
688 345417 13 0.125300 4032 2581 896 1
611 357543 13 0.094600 5678 2118 1810 0
528 250419 14 0.115500 4671 1750 882 0
720 438794 10 0.109200 5424 3230 1203 1
780 498067 18 0.087800 4537 1590 1526 0
878 408226 13 0.154500 5797 2219 947 0
