532 241418 10 0.057100 5893 2094 800 0
782 285281 10 0.119600 5623 3912 1840 1
896 496970 13 0.063000 4773 4000 1094 0
556 248167 10 0.126400 4890 1212 1330 1
971 381145 10 0.160700 5135 1954 1173 0
794 297653 9 0.036400 5247 1428 1665 1
732 414529 11 0.180400 5017 3572 862 0
581 216985 10 0.097600 5747 1675 1251 1
654 414906 15 0.158100 5466 3954 1471 1
880 397562 14 0.064000 4380 2643 1156 0
703 300878 13 0.019200 4266 1286 1001 0
551 297405 16 0.143900 5901 3775 1389 1
844 493354 8 0.165400 5331 3433 1980 0
907 507525 10 0.129100 5307 2863 1736 1
880 528307 10 0.095800 4324 882 886 0
932 423518 18 0.114300 5983 2837 1593 1
788 502126 12 0.162900 5472 852 1079 1
583 362330 13 0.094500 5724 1353 1450 0
605 218463 14 0.037200 5686 2764 1234 1
628 340065 11 0.065400 4897 2148 907 0
863 322340 13 0.096900 5515 3950 1716 1
666 396681 12 0.034200 4899 832 1306 0
768 546405 10 0.030800 4471 935 1541 1
750 395800 14 0.059900 4027 3175 1675 0
832 509223 11 0.068300 4738 1382 916 0
966 492504 15 0.019000 4592 3154 1888 0
951 455089 9 0.125500 4052 1803 1695 1
656 260753 11 0.101200 5824 3962 1077 1
868 477097 11 0.092300 5961 3119 1683 1
839 265125 15 0.155600 4925 1767 1596 1
759 298846 17 0.022000 4455 3522 1408 1
780 414328 12 0.103900 4915 2986 1985 0
803 353407 12 0.125800 5063 2922 1251 1
780 317207 15 0.136900 4082 2589 1460 0
840 384552 8 0.134200 4421 2637 1609 1
864 380227 13 0.057000 4375 1490 1016 1
916 545262 12 0.084200 5646 1922 1185 0
700 443689 16 0.072400 4928 1456 876 1
880 477205 12 0.063000 5722 3396 1688 0
778 354000 9 0.018200 4521 1651 1046 0
523 317400 10 0.075200 5909 967 1429 0
754 353101 13 0.093000 5993 815 1548 1
872 456052 10 0.118900 5795 3241 1927 1
776 472027 9 0.032700 5359 1605 1197 0
739 314524 14 0.135500 5321 2068 1276 0
708 276570 14 0.138800 5473 3820 1180 0
737 471378 10 0.146000 5354 2855 1223 0
984 302720 13 0.157800 4861 2885 1260 0
677 321403 14 0.091600 5256 2588 974 0
670 403111 15 0.078000 5756 1805 1443 0
830 466757 10 0.156900 5588 1369 897 0
961 559511 14 0.117400 5427 3892 1259 0
643 232539 15 0.101600 5726 2260 896 1
648 217808 9 0.148200 4433 3235 1168 1
965 384965 12 0.094700 4028 2027 975 0
908 475785 14 0.037500 5971 3153 1404 1
956 542014 14 0.055400 5463 2007 1013 0
862 451436 14 0.145800 4720 1021 1239 0
621 221736 11 0.052000 5962 2729 1650 0
791 301062 15 0.063900 4988 2811 814 1
807 423249 11 0.090100 5414 1622 1341 0
644 377306 15 0.180500 4281 3701 1950 0
845 424704 16 0.095200 5005 2125 1643 1
957 278347 12 0.080900 4487 2525 1846 0
535 295684 13 0.109900 5156 2549 988 0
886 398930 11 0.003800 5326 3686 1771 1
520 368046 17 0.191200 5083 3488 1950 1
979 486575 13 0.066900 4768 1906 1014 1
891 442453 12 0.179400 4675 2659 1007 1
688 362187 15 0.093400 4461 3781 1940 1
874 479919 17 0.097000 4826 3011 1953 0
551 344993 11 0.075500 4527 3768 1457 0
997 533281 17 0.090400 5359 2765 1507 0
802 537212 9 0.146500 5653 3406 1973 0
631 354398 17 0.078100 5617 3810 840 0
669 205689 10 0.130500 4396 1378 1835 1
914 554595 13 0.103500 5517 3162 1887 1
936 298397 14 0.046500 4036 2820 1818 0
569 340229 16 0.128100 4520 1358 1814 0
744 356020 13 0.138000 4089 3797 1232 1
895 468517 13 0.079400 4324 1037 1672 1
968 494017 14 0.087400 5056 1592 1703 1
758 536115 18 0.143200 4959 1563 1250 1
901 407885 10 0.070100 5810 2076 1136 1
607 317639 12 0.098600 4606 3002 1235 1
907 414604 14 0.135200 4107 1195 1831 1
978 322488 10 0.102100 5782 3347 943 1
519 367067 11 0.071700 5192 3263 1299 1
859 333833 14 0.114400 4472 3114 999 0
803 303664 10 0.102300 5805 891 929 0
868 523213 11 0.045100 5019 1049 1462 1
786 250872 9 0.108800 4804 2795 1599 0
784 341215 14 0.133200 4911 1859 1207 1
956 679901 13 0.113400 5988 960 1805 0
997 320029 13 0.071900 5817 1671 1877 1
757 489827 14 0.054400 4982 1330 1268 0
938 384380 11 0.111900 4594 2962 1368 0
573 228368 9 0.087700 5052 820 1264 1
568 326765 12 0.113200 5498 3807 1569 1
607 348237 14 0.091400 4252 978 1213 1
