599 158330 9 0.114100 4367 1182 1545 1
641 119436 13 0.101200 5498 1247 1518 1
532 100565 14 0.108600 5873 3686 1357 1
631 109026 14 0.061300 5921 2124 1592 1
967 229850 15 0.129600 4121 3930 1721 1
758 247997 11 0.061800 4023 1267 1656 0
955 218798 11 0.124200 4276 2823 941 0
911 227760 13 0.063400 5207 1360 1051 1
605 157371 13 0.152000 4921 3856 1686 0
582 176866 16 0.152000 5321 2511 1434 0
715 226597 14 0.140400 5891 2460 1797 1
522 163295 10 0.113200 4959 3491 1449 1
598 135186 14 0.115600 4478 3530 1796 1
684 170856 12 0.157100 4457 2196 1306 1
679 160919 10 0.148700 5691 2485 2000 0
853 197472 9 0.124200 4191 845 1249 1
853 237409 13 0.081600 4052 3129 1054 0
969 252433 17 0.179500 5690 2153 939 0
899 275141 10 0.121600 4226 1093 1945 1
889 190157 16 0.046400 4957 811 1541 0
507 108825 10 0.083500 5073 1629 1720 0
590 95969 15 0.013400 5281 901 1322 1
880 206268 9 0.100600 4726 3703 960 0
720 214407 15 0.132900 5998 1135 1909 1
523 87965 14 0.080300 4777 3254 1807 0
997 298559 15 0.071700 4917 3412 1055 1
572 146416 12 0.114900 4540 3560 1880 1
700 228750 17 0.046800 4495 1144 852 1
888 249636 10 0.056100 4843 1356 1589 0
707 209230 11 0.047000 5353 3190 976 0
970 248595 17 0.114900 5722 1497 1084 0
535 186331 15 0.050100 4817 1302 1455 0
759 190572 11 0.091600 5500 1569 874 0
527 95629 18 0.057400 5625 1860 1849 1
916 257693 15 0.162700 4405 1337 1344 0
738 155757 11 0.103100 5965 822 1575 0
649 171764 18 0.034900 5676 2584 1253 1
850 232420 15 0.109800 4745 2885 1710 1
804 176082 10 0.048100 5355 1282 1259 0
796 244872 14 0.066700 4356 2497 1042 1
736 102925 12 0.164200 5931 1228 1531 1
862 245933 10 0.081600 4491 1123 1495 0
710 216234 16 0.087700 4333 2647 1575 1
910 262530 14 0.094200 4607 3339 1909 0
722 177457 14 0.116400 5764 1599 1875 0
910 244469 13 0.137800 5093 3561 1138 1
638 171113 16 0.101500 4377 3901 1668 0
978 229043 9 0.112800 4725 3499 1339 1
726 169728 15 0.133900 4529 1090 1884 1
527 115522 15 0.035900 5241 2431 1776 0
520 134550 14 0.106600 4459 3363 1897 0
733 184795 12 0.106900 5179 898 816 0
580 150483 8 0.094300 4542 1526 901 0
950 289155 13 0.132600 4303 3661 803 1
627 156764 11 0.084900 4461 2856 1323 0
606 144013 8 0.117600 4303 2094 1545 1
662 111709 9 0.115800 4609 2588 1985 1
537 160587 16 0.109900 4690 2849 1109 1
591 207996 15 0.034200 5428 851 1154 1
594 140641 14 0.159500 4587 1276 1163 1
950 260377 14 0.028000 5179 2957 949 1
696 252825 10 0.075400 4579 2025 855 0
928 208633 11 0.123200 5773 3903 1691 0
894 264573 11 0.138300 5530 1607 1646 0
907 178228 14 0.147200 5399 2153 1906 0
722 122390 14 0.104300 5252 3950 1396 1
829 173065 11 0.052700 5399 2555 1740 0
638 166384 17 0.064200 5349 2164 939 1
532 176496 13 0.073900 4763 3605 1345 0
979 187774 13 0.073700 4841 3780 1220 0
673 229443 11 0.073600 5079 3783 1204 1
976 263856 10 0.109800 4312 3728 1426 0
597 130082 11 0.106700 4012 3906 1809 0
763 193122 10 0.120300 4110 1791 1038 1
915 191123 9 0.081700 5490 2104 1156 1
639 152811 13 0.168400 4762 3889 1583 1
857 190390 16 0.126300 4565 1689 915 0
628 100532 12 0.150200 5297 2536 1377 1
938 338951 8 0.114400 4685 3710 1245 1
590 111339 15 0.013600 5038 3177 1273 1
711 154819 14 0.101300 5461 3827 1243 0
785 206663 15 0.060000 5059 2454 1574 0
510 80395 11 0.015600 5469 1979 1600 1
820 215102 13 0.089000 4999 1053 1065 0
860 172183 10 0.189100 4327 3929 1689 1
826 240969 11 0.176900 4704 3196 1048 0
961 259163 10 0.096800 4311 1442 1654 1
884 230756 16 0.043100 4541 1013 1727 1
780 242884 13 0.154200 5465 1262 855 0
899 320315 15 0.057500 5438 1198 1250 0
930 286948 17 0.134200 4014 1301 1266 1
730 200962 9 0.076200 5675 1105 1846 0
843 182774 14 0.079800 4177 1838 928 0
938 258458 8 0.099200 5043 3509 1138 1
511 78459 15 0.094500 4311 3377 1686 1
698 194682 14 0.132400 5993 973 1559 0
583 118224 9 0.158800 4090 3060 1922 1
693 141766 12 0.114100 4871 2706 1826 0
753 138573 17 0.015900 5403 2278 1524 0
511 109097 10 0.151400 5541 1009 1537 0
