662 200809 16 0.075900 5390 3611 904 1
913 208813 12 0.054500 5642 1341 1058 1
843 155899 10 0.123200 5821 2149 1455 0
924 151173 12 0.177600 4445 954 998 1
880 234139 14 0.019400 4707 2463 1415 0
954 262668 15 0.120200 4954 3524 1323 1
783 147936 16 0.101600 4556 2842 1683 0
581 154659 16 0.069500 5283 2385 1859 0
770 170803 16 0.147700 5013 1019 993 1
870 129112 18 0.139900 4426 1817 1772 0
830 167270 12 0.050500 5671 885 1677 0
516 146286 13 0.101600 5646 1190 1746 1
661 190078 16 0.123300 5926 2507 1109 1
994 237528 12 0.048600 5094 1687 865 1
656 186489 18 0.114000 5187 3351 1482 0
946 286579 8 0.079600 5804 1295 954 0
834 293540 12 0.101200 4187 1625 1671 0
547 80411 15 0.066500 4264 3386 1106 1
599 165428 15 0.083700 5282 1502 1663 0
747 137719 15 0.127800 5640 1841 1295 0
934 223747 16 0.133200 4185 3271 1147 1
918 268085 11 0.058200 4121 1711 978 1
977 242786 12 0.150000 5656 2239 1809 0
513 163763 8 0.110100 4550 1546 1969 0
965 256524 11 0.159900 5989 1200 1002 0
931 308341 10 0.140100 4972 3404 1374 1
701 100036 13 0.130600 4582 3611 958 1
816 191156 13 0.064000 5905 3018 1080 0
747 206819 11 0.151800 5324 3262 1443 0
863 235893 13 0.113800 5305 1678 1470 0
513 154481 14 0.106600 5808 2739 823 0
896 291810 12 0.174000 5676 1691 1718 0
983 237853 15 0.092200 5912 3129 957 1
692 194865 10 0.127300 4815 2871 1929 1
658 136981 13 0.130700 5462 1467 1138 1
715 182094 18 0.117700 5554 3952 1212 0
880 243110 13 0.163100 5267 931 1679 0
569 192605 11 0.114200 5895 1687 1088 0
623 144247 13 0.093400 5304 1149 1128 1
598 170068 13 0.084900 5433 839 1994 0
507 112036 11 0.108100 5100 3228 1238 0
614 124745 13 0.087500 5183 3153 1003 1
854 170097 12 0.055900 4603 2864 1377 1
812 233547 10 0.151800 4780 895 1687 0
687 235821 17 0.127400 4917 1077 1723 0
967 300294 14 0.022000 4338 1039 1617 0
940 235837 10 0.055300 4713 2786 953 0
627 148259 11 0.046000 4662 2980 926 1
913 193469 13 0.082600 4710 3141 1015 1
502 149852 10 0.108400 4812 1369 1672 1
606 180225 15 0.161000 5288 3362 1067 1
920 205033 16 0.171100 4677 1537 1674 1
548 133143 9 0.145300 4174 2838 1606 1
834 183481 17 0.083500 4560 3102 1919 1
548 147043 15 0.090000 4112 2535 1256 1
819 247897 13 0.110900 5482 1353 1565 0
840 211858 10 0.148900 5486 3798 1651 0
858 254217 12 0.031300 4950 2199 1736 1
932 321453 15 0.147500 4740 2813 1941 0
747 231398 13 0.079200 5081 3050 1479 0
721 164983 12 0.123300 5060 1646 950 0
906 290750 14 0.150600 5336 2547 1829 1
638 191321 16 0.044800 4975 3449 1965 0
586 145934 16 0.099200 4544 1171 1018 0
819 177275 12 0.120500 5383 1345 1274 0
952 223567 8 0.172900 5420 3134 958 0
959 343044 12 0.047800 4568 2102 861 1
518 141107 17 0.066500 5671 3263 1115 1
657 126223 8 0.137100 5724 2911 1578 1
503 142874 15 0.097900 5367 1164 1525 1
682 213280 17 0.110500 4938 3752 1663 0
921 267457 14 0.106700 5782 947 1719 1
744 224203 17 0.107200 5774 2859 859 1
557 129750 10 0.131700 4332 2655 1956 0
730 168039 16 0.025200 5129 1195 872 1
691 184875 16 0.103600 4443 2566 1084 1
624 194422 14 0.115100 5103 2921 1469 1
886 227059 12 0.111800 4883 3195 1561 1
917 226885 10 0.117000 5569 852 1703 1
662 121973 10 0.069400 4418 2067 1926 1
871 278717 13 0.103900 5154 984 1012 1
915 274402 14 0.117900 4742 2596 951 0
779 194270 12 0.193100 4458 1219 1187 1
861 257054 13 0.078500 4041 1650 1147 1
517 93952 15 0.037300 5114 3174 1406 0
805 159754 14 0.173500 5428 1461 1143 0
908 207510 16 0.129200 5706 1676 1568 1
901 270468 14 0.148600 5795 2391 965 0
658 185368 12 0.130200 5896 3042 1841 0
757 187961 16 0.156500 4223 2658 1357 0
583 182017 14 0.089500 4811 1122 1401 1
656 209429 13 0.046200 4630 1473 1943 0
610 127311 11 0.134100 5741 3708 1013 1
701 149463 12 0.175600 4222 2971 1497 1
619 136095 13 0.171500 4016 2364 873 0
527 109557 14 0.046700 5658 3313 960 0
508 79284 17 0.148900 4403 3335 1228 1
521 107609 12 0.179400 5565 1636 1059 1
842 274403 11 0.136200 5801 1848 1541 0
846 256600 9 0.026200 4326 1669 1634 0
