737 179625 15 0.022400 4925 989 1728 0
628 163404 15 0.110600 5772 2249 1163 1
502 165452 12 0.074100 5807 3278 1766 1
521 179123 15 0.067500 5821 2270 920 0
685 212476 14 0.094900 5340 2628 1584 1
544 159421 13 0.162900 5908 1283 900 0
678 109467 13 0.020900 5738 2037 1666 0
806 273515 14 0.105700 4470 3072 893 1
553 140193 14 0.134500 5656 3588 1310 1
516 128093 15 0.104300 4798 1517 1224 0
875 186960 13 0.061800 5922 1035 1990 0
504 102878 10 0.060500 5818 2933 1519 1
742 188423 15 0.103000 4785 3630 1551 1
601 181999 18 0.092500 4252 2835 1556 1
539 123500 15 0.070900 5227 2213 1479 0
676 175487 14 0.166200 5177 3311 872 1
881 222882 10 0.088700 5502 1248 1167 1
802 197315 9 0.122800 4789 2619 918 1
882 209413 13 0.030800 4611 2327 1657 1
984 240444 16 0.068600 5743 3106 1740 1
924 217804 16 0.181400 5886 3198 1665 0
513 91357 16 0.042800 4365 1383 1746 1
918 157356 13 0.145700 5510 2986 1094 0
916 298507 13 0.166200 5664 3791 958 0
832 173123 11 0.084200 4272 2392 1659 0
864 159857 13 0.120300 5868 2949 1044 1
533 84436 13 0.059400 4761 2175 871 0
656 136417 16 0.056900 4439 3866 1010 1
996 218576 14 0.072900 4852 3614 1056 1
955 215136 14 0.118400 5660 1713 1618 0
673 190364 11 0.116200 5110 1974 1773 0
881 200730 11 0.051500 4745 3366 1488 1
653 141804 17 0.035600 4125 1644 1131 0
867 174201 13 0.109800 4167 2624 1480 1
680 170837 11 0.081300 4302 3923 1046 0
745 172552 12 0.134500 4516 2332 1710 1
634 124065 12 0.029900 4157 2130 845 1
502 159034 13 0.049700 4327 2445 1377 1
777 195152 14 0.081700 5684 835 1549 1
847 255288 16 0.123600 5514 2970 1229 0
974 238911 12 0.052200 4761 3399 1362 0
730 202864 12 0.162000 5556 1202 927 0
604 159210 12 0.066000 4441 2699 1298 1
500 153249 12 0.055000 4450 3947 970 0
792 220330 10 0.070700 5212 1236 1496 1
623 196501 15 0.159300 4060 1603 829 1
943 243838 11 0.112100 4329 1587 839 0
847 217443 17 0.049200 4056 1443 1550 1
938 304614 13 0.107200 4737 1649 1047 0
997 254436 10 0.144200 4130 2052 1555 0
539 98067 15 0.049200 4313 3027 1266 0
835 167712 14 0.061400 4121 2252 1566 1
606 124157 13 0.175800 5485 3148 1027 1
733 139273 15 0.065300 5313 1391 1821 0
887 225696 18 0.110000 5129 1407 1912 1
761 192569 9 0.081400 4765 3198 1048 1
763 158950 13 0.059100 5697 2450 1003 1
828 140417 15 0.143900 4469 1822 1249 0
845 276416 17 0.105500 5493 3229 899 0
834 208654 13 0.132000 5567 2809 1676 1
540 151863 14 0.134800 4702 2830 1613 0
876 209517 16 0.080900 4811 3593 1885 0
869 169960 10 0.061700 5136 2579 935 0
727 182874 14 0.189600 5249 929 1564 0
528 111393 14 0.043400 4540 2140 1434 0
866 258283 16 0.105100 5324 2146 843 0
585 206566 13 0.168100 5041 918 1618 1
828 163774 14 0.041300 5852 2757 1517 1
547 185580 10 0.070800 5706 1748 1363 0
560 186144 11 0.047700 5059 1013 1066 0
897 179401 11 0.144400 5611 2310 1994 1
569 123287 9 0.112500 5017 2981 1824 1
662 143102 11 0.100800 4171 3329 1723 0
963 173683 12 0.061800 4165 2130 1918 0
545 77551 15 0.147400 4411 3284 1914 0
924 282078 13 0.169800 4701 1857 1548 0
984 342247 10 0.081200 5579 1075 1938 0
978 170317 13 0.048600 5046 3733 1385 0
575 94003 17 0.086900 4279 3210 1674 0
805 270281 11 0.114400 5050 1959 1233 1
998 347168 9 0.111000 5132 3089 1799 1
680 180189 13 0.106300 4744 2972 1174 1
846 142117 15 0.141900 4683 1103 1515 0
711 263626 17 0.126200 4515 1232 1517 0
858 196851 15 0.129000 5013 3560 1724 0
606 130934 14 0.129900 4055 3864 1834 0
809 115664 15 0.167700 5116 2510 1438 1
594 149683 13 0.016600 5807 1872 1098 0
537 114802 13 0.091700 5567 1222 1308 0
651 211655 15 0.005200 4705 3431 1514 1
765 263508 15 0.134700 4078 3666 1865 1
805 154681 12 0.082700 4766 1544 1618 1
854 188082 17 0.087800 5184 1773 1268 1
856 232273 10 0.116900 4367 2159 1721 0
769 202735 15 0.072600 4993 1858 1263 1
678 168893 15 0.125600 5640 1040 1448 1
666 146770 14 0.056300 4458 3358 1436 1
636 146995 14 0.090900 5576 3839 1703 1
791 198530 14 0.081500 4882 3526 976 0
908 187921 15 0.111400 4647 2115 1545 1
