936 267287 16 0.072100 5588 3413 1623 1
576 174581 15 0.078300 5145 3881 1787 0
826 210916 14 0.124800 4369 2071 986 1
626 140737 12 0.182600 4641 1599 1641 0
517 173898 13 0.064000 4255 2394 955 0
807 282348 13 0.108300 5526 1171 1588 0
935 238653 13 0.042100 5346 3230 1246 0
790 174194 14 0.175200 5507 3037 999 1
828 241599 16 0.154500 4544 2279 1826 1
579 186279 15 0.169500 4887 3851 1959 0
588 199885 16 0.019300 4592 3817 1294 1
688 177852 11 0.027800 5959 1355 1631 1
958 132373 13 0.085400 4960 3738 1270 0
797 210159 14 0.165700 4688 1092 853 1
854 238171 10 0.170200 5825 2523 1974 0
669 183639 14 0.091900 4168 3723 1923 0
847 243031 9 0.112900 5893 3718 1711 0
731 205255 17 0.134100 4516 1088 847 0
822 230439 12 0.022400 4444 3102 1508 1
716 152542 10 0.152300 4344 1078 1304 0
528 116846 9 0.114700 5557 3905 829 1
797 237705 16 0.036100 4905 2349 1279 0
761 232647 12 0.145000 4922 1814 861 1
984 227612 16 0.068000 4934 2974 1421 1
841 211141 12 0.089700 5337 1695 1303 0
683 191049 14 0.132800 4563 1083 1217 0
883 182659 15 0.160900 4844 2413 940 0
695 175231 13 0.035300 5021 985 895 0
686 129054 12 0.076700 5778 3484 1322 0
842 218813 12 0.136600 5534 1147 1102 0
947 163144 14 0.141600 5860 1181 1212 1
810 198810 10 0.118000 5734 2259 1057 1
950 213597 16 0.078000 4179 3412 1185 1
943 230602 12 0.141800 5764 3199 1337 1
672 96492 16 0.153900 5915 1073 1990 1
926 193486 9 0.023500 5663 1456 1613 1
943 236555 11 0.107700 4683 2852 1779 0
551 152883 13 0.136100 5414 3801 853 0
866 229806 11 0.093100 5196 3754 1977 1
846 167671 17 0.163600 5387 3485 1616 0
852 214770 14 0.045700 4134 3604 1136 0
788 230819 13 0.071400 5582 3396 1938 1
514 88265 13 0.087800 5480 2362 888 1
780 170459 15 0.110100 5223 2371 1602 1
591 112873 13 0.082300 4765 2429 1242 0
853 237109 13 0.134600 5688 2321 1741 1
603 157769 9 0.092000 5690 1192 868 1
743 100215 13 0.117700 4944 3534 1747 1
512 162448 14 0.152900 5136 3275 1379 0
637 201085 12 0.184000 4834 830 1821 1
827 224397 16 0.089300 5460 3150 982 1
548 107945 14 0.143900 5192 2653 834 1
921 204485 13 0.013800 5340 1855 1276 0
715 140511 11 0.103400 5326 2129 1613 1
591 170398 14 0.021400 4881 1463 1336 1
928 252410 8 0.106200 4548 3956 1562 0
611 139199 8 0.120500 5747 1085 1723 0
899 299063 10 0.065900 4006 1076 917 1
565 163888 17 0.041300 5807 1336 1096 1
860 282918 15 0.061500 5166 1862 1488 0
966 298950 13 0.116200 4071 3764 1376 1
529 72656 11 0.103400 4136 3732 1149 1
880 177986 17 0.118500 4340 1999 824 0
708 197445 11 0.123100 5013 1130 896 0
667 184227 13 0.152300 5588 1608 1693 1
876 213043 14 0.130300 4589 1070 1335 0
729 175920 12 0.140700 5327 2349 1361 0
907 119280 10 0.115400 5255 1771 1641 0
961 306581 12 0.119400 4123 2258 1845 1
531 121927 14 0.061300 5897 3701 1970 0
737 219934 11 0.108300 4558 2638 1470 0
804 196097 16 0.172000 4962 3833 1994 0
764 211846 13 0.144000 5937 3001 1036 0
649 170095 11 0.076000 5214 2617 1855 1
884 303274 13 0.083600 5845 2981 1654 0
969 289704 10 0.058100 4431 3821 1725 1
785 160611 15 0.101600 4370 2539 1379 0
792 195379 9 0.132900 5201 2688 925 0
677 155142 12 0.136700 5449 2147 1467 1
861 156123 15 0.151400 4031 3534 1356 1
571 109470 14 0.058200 5396 1145 995 1
998 250285 14 0.061000 4833 871 1631 1
590 116889 11 0.069800 4652 1507 1794 1
731 235933 12 0.095400 4441 933 1984 1
664 192262 10 0.051400 4629 3279 1959 0
689 252586 9 0.104500 4376 3983 916 1
835 296692 14 0.097700 4420 2203 1489 0
766 161134 17 0.133900 4496 3094 1147 0
544 179856 12 0.097900 5417 2438 1012 1
765 171496 13 0.084200 5394 944 1283 1
786 242917 10 0.107900 4258 1899 1602 1
836 220182 18 0.100100 4478 2974 1149 1
622 127934 11 0.044900 5065 1214 924 0
953 271295 11 0.183000 4912 2860 1755 1
722 166274 16 0.140000 4697 898 1687 0
559 181535 9 0.093200 4382 1238 1208 1
584 143733 15 0.189400 4231 2516 1327 0
513 95989 13 0.064900 4109 3004 1944 0
770 155864 17 0.063800 4421 3896 1991 0
788 202896 10 0.163000 5760 2030 1064 0
