886 255593 15 0.116800 5635 2691 1267 0
686 173410 13 0.118000 5330 3669 1647 0
861 276220 18 0.164000 5420 1193 1858 1
993 250858 14 0.058400 5507 1449 1767 0
573 123328 10 0.057600 4811 919 1739 1
530 164941 12 0.100600 4522 3226 1304 1
993 178305 12 0.107400 4738 2674 1396 0
872 251642 17 0.010900 4763 3437 1521 0
803 188089 17 0.170700 4389 1888 934 0
753 247986 14 0.145000 4138 2688 1762 1
760 213211 14 0.013900 5958 3800 1989 1
862 175070 13 0.163700 4334 2083 1980 0
966 255519 16 0.072700 5388 2829 1656 1
938 241429 12 0.171600 4151 2986 1172 1
718 111364 15 0.118200 5797 1935 1980 0
718 131656 11 0.129400 5989 1735 1072 0
823 179143 17 0.131300 4429 3328 1604 1
992 177828 14 0.099200 4909 1553 892 1
608 168588 13 0.081000 5546 2843 1103 0
855 292901 9 0.033500 5214 1010 1917 0
813 201733 15 0.153400 5373 955 1335 1
921 236279 11 0.113600 4037 825 1359 1
964 232830 17 0.072600 5965 2034 1075 1
706 199356 8 0.073200 4071 1817 1952 0
740 131189 14 0.152900 5398 1505 1308 1
748 154882 12 0.128200 5007 1022 1374 1
596 152198 12 0.132500 4992 854 975 0
743 180951 13 0.064600 4919 1066 824 0
778 183550 11 0.141100 4573 865 1145 1
642 184755 9 0.166600 4465 995 983 1
632 150964 10 0.161300 4367 1636 1727 0
633 130033 14 0.144300 4891 3879 1913 0
725 265975 15 0.053900 4793 3818 933 1
580 151157 17 0.042000 5377 2581 1499 1
787 188665 9 0.053600 4057 2960 1669 1
653 149863 14 0.108200 4716 2561 1497 1
831 188663 11 0.067700 4331 3233 1768 0
970 255218 12 0.083800 4729 825 1445 0
785 169926 9 0.104300 5191 1040 1108 1
868 228662 14 0.170900 4229 1142 1727 0
513 85635 13 0.124500 4087 1829 1616 1
829 279248 10 0.076100 4295 2739 1414 0
572 138320 11 0.016800 4884 1191 1365 0
843 168288 13 0.101900 5766 3882 813 1
541 133762 16 0.103900 5024 2848 922 1
842 222600 15 0.098200 4448 1668 1076 1
830 215035 14 0.112000 4972 3410 852 1
808 256541 12 0.098100 4344 2301 1768 1
601 126629 14 0.126400 5727 3376 837 0
945 268019 15 0.113000 5558 2659 1203 1
963 150683 13 0.037900 5573 1109 998 0
816 221319 16 0.131600 5661 3967 883 1
990 205555 12 0.086800 4442 3281 1719 1
921 209035 13 0.037500 4165 1870 803 1
508 91617 17 0.187000 5775 2724 1793 0
607 135714 11 0.091200 4386 2610 801 1
968 268495 14 0.106900 4999 2139 1687 0
764 160414 8 0.050700 4668 3312 1282 1
599 152770 16 0.121000 4105 1855 1067 0
717 165839 9 0.177200 4655 2331 1680 0
536 170966 18 0.140800 5604 3775 1956 0
651 110565 14 0.040000 4262 1437 825 1
702 196636 16 0.070100 5862 927 1062 0
560 139759 12 0.051600 5144 1833 1324 1
902 334829 11 0.098500 5955 1395 1448 0
824 173588 16 0.044900 4702 3501 935 1
965 259095 12 0.182900 4776 862 1912 1
589 82919 11 0.071000 4641 978 1127 1
778 238498 11 0.045400 4844 1140 1630 1
749 201388 16 0.127300 4297 3413 1303 1
712 166076 14 0.039200 4964 3760 1048 0
803 221665 13 0.063200 5258 3253 1169 1
822 139613 9 0.112500 4584 2875 1028 0
734 231710 8 0.144700 5706 1316 1893 1
636 170897 9 0.115600 4696 1687 1567 0
736 218489 16 0.121600 5429 2278 1101 0
790 212712 13 0.051500 5973 2196 832 1
626 149982 15 0.148500 5555 2861 1611 0
603 120086 10 0.153200 4053 2301 1380 0
879 112891 13 0.105000 5425 2762 1007 0
769 228822 15 0.031500 5954 1998 1221 0
588 115321 11 0.061600 4754 3713 1462 0
571 148073 12 0.111800 5224 2793 829 0
778 185438 14 0.128700 4116 3931 1197 0
989 239553 12 0.132600 4574 3520 1129 0
522 136322 14 0.140600 5243 1803 1844 1
643 152808 14 0.030900 4911 1945 822 0
750 181448 17 0.145000 4126 1755 1034 1
942 232577 12 0.150300 5266 3870 1262 0
578 152545 12 0.118200 4795 2268 1505 1
879 274936 12 0.067700 5751 1975 1226 0
738 191422 10 0.052300 4443 1911 1458 1
892 293029 16 0.101700 4415 3533 897 0
864 202209 11 0.079500 4841 2835 1279 1
817 268693 12 0.092800 5113 2431 1350 1
882 252363 14 0.119300 4273 3621 1274 1
538 137918 14 0.042000 4612 1513 1283 0
935 237118 15 0.111600 5992 1805 1612 0
907 202249 8 0.087300 4073 3911 1345 0
942 230322 13 0.140000 5791 1986 1358 0
