665 105946 17 0.053200 5800 2979 1198 0
529 108009 16 0.066100 4241 2015 828 1
618 91906 15 0.167300 5871 3786 1267 0
553 171152 8 0.156100 4375 3557 1230 0
812 172864 15 0.099400 5800 2810 1864 0
690 110931 14 0.129100 4115 1486 1568 0
573 137297 10 0.065100 5762 2174 1564 0
594 191309 17 0.130700 5152 3726 863 1
883 146448 14 0.070000 4385 1569 1827 0
887 318118 17 0.016100 5824 2758 1164 0
504 123583 14 0.048800 5105 987 1464 0
513 89702 11 0.146300 4470 1871 1188 0
686 177582 13 0.053700 4487 3953 1030 1
559 169734 12 0.026500 4988 3552 1341 0
557 114286 16 0.130800 5440 3123 1728 0
740 171193 14 0.047600 4368 2312 1444 1
856 249642 11 0.056200 5844 2663 1817 0
648 116106 14 0.083800 4594 3746 1330 1
640 142261 11 0.081800 4890 3278 1776 1
738 223506 15 0.094100 5060 2105 1566 0
514 155650 13 0.136100 5456 1630 1075 1
532 126684 9 0.083900 5468 2036 1485 1
829 183436 14 0.085500 4300 1847 1127 1
732 193337 15 0.101900 4176 3673 1529 0
951 263473 11 0.038600 5077 2630 1866 1
685 193966 14 0.113500 4723 3146 1561 1
691 131277 12 0.132000 4192 3370 1011 1
958 239319 15 0.174600 5803 1050 1897 1
869 213365 8 0.117100 4494 3998 1479 0
664 213856 13 0.120700 4688 2677 1195 1
783 142028 15 0.111700 4759 1404 1277 1
919 300141 10 0.108600 4647 2445 1581 0
954 251713 12 0.149300 5534 1124 1248 1
530 127074 12 0.115400 4042 861 1022 0
711 242139 15 0.165200 5593 1277 1166 1
537 93458 14 0.115200 4234 1873 989 1
526 177294 12 0.086000 5506 1114 1867 1
664 191123 12 0.029000 4729 1549 1486 0
691 145738 8 0.184700 5334 3590 1370 1
711 191195 12 0.151900 5084 3513 1177 0
608 121884 10 0.154600 4682 2271 1837 1
919 200963 17 0.099400 4348 2423 1372 1
664 204377 10 0.025100 5005 2304 1984 0
818 197164 16 0.028400 4564 3205 968 1
770 149540 17 0.105700 5663 3145 959 0
502 81338 15 0.036000 5951 1906 1833 0
633 121441 12 0.065300 4714 2883 1775 0
933 322430 14 0.126300 5115 3835 1538 1
597 129836 10 0.140000 4111 1435 1664 0
743 262158 14 0.085700 5560 3716 1005 0
881 243799 14 0.105700 4954 3351 802 1
899 295886 13 0.133500 5457 1181 1272 1
587 127870 16 0.091000 5219 1255 845 1
999 262817 16 0.118600 4696 2081 1077 1
731 128458 16 0.048800 4994 949 1317 0
988 206999 14 0.076000 4501 3890 1614 1
694 178309 10 0.014800 4944 2330 1058 1
852 236561 15 0.112700 5943 2809 1807 1
723 193472 9 0.098700 5842 3780 1343 0
776 210764 12 0.100100 4295 1778 919 0
672 110191 17 0.094500 4054 3301 947 0
974 251365 13 0.049800 4570 1300 1707 0
786 185884 13 0.166800 4531 3309 1966 1
673 161383 14 0.077400 5575 2513 1593 0
612 159814 12 0.072900 4062 2996 1757 0
603 124049 17 0.104100 4006 3438 1467 0
573 147200 12 0.069000 5957 2934 1936 1
778 238726 10 0.031300 5641 1800 1118 0
798 223382 17 0.097800 5261 1681 1544 1
513 129034 9 0.089400 5425 3122 1308 1
592 153538 14 0.093900 5172 2564 1905 1
725 200727 13 0.158900 4117 1968 1722 0
749 149259 17 0.089500 4504 2636 867 1
890 250471 10 0.081100 5419 2378 991 1
863 206963 15 0.134100 4957 3383 1507 0
717 181433 13 0.096300 5418 3193 969 0
936 290143 15 0.176600 5136 2169 803 0
897 191534 13 0.108000 5521 3903 1773 1
966 306864 14 0.026100 4093 3857 1653 0
725 168468 9 0.141300 5391 1473 857 0
868 221726 9 0.025400 4530 3965 1799 1
935 174036 14 0.065300 4383 2577 1774 1
758 248700 11 0.082100 5266 2001 1152 0
603 113752 14 0.088500 4247 965 1786 1
779 216560 13 0.092500 4671 2704 1451 0
849 275908 10 0.156400 4832 1964 1914 0
550 148319 15 0.150500 5482 1663 832 0
781 156392 15 0.072800 5917 1874 1655 0
851 201797 18 0.026200 4110 2990 1840 1
961 251741 16 0.056900 5663 3260 1871 1
972 295144 13 0.081900 5806 3998 1016 0
880 260629 17 0.086400 5516 3460 943 1
537 190353 14 0.114500 4797 3256 1643 0
712 141430 17 0.100100 5810 1907 1269 1
668 150221 16 0.055800 4227 2794 926 1
816 231552 13 0.064500 4069 3433 974 1
757 150007 13 0.088800 4894 2242 1301 1
934 234792 9 0.146100 5941 2621 1503 0
501 87842 13 0.058500 4788 3953 1546 1
691 183157 12 0.124300 4765 3888 1426 0
