884 270856 13 0.130400 5067 3866 1264 1
930 235764 13 0.156800 4647 3499 1100 1
773 207539 13 0.063900 5296 1153 1481 0
583 99851 15 0.133400 4087 3200 1230 1
925 209586 13 0.171600 5495 3200 1276 0
690 171227 11 0.090000 4632 2116 1139 0
718 133361 13 0.107900 4995 3325 1355 0
772 146549 17 0.066600 4533 2953 1768 0
576 164880 11 0.115700 4371 3510 1788 0
739 111274 14 0.037100 4049 1951 1002 0
618 121610 10 0.062300 5664 3235 1126 0
890 129728 12 0.062800 4122 1974 1136 1
879 159984 14 0.037800 5527 3434 971 0
953 253346 13 0.091500 4799 3858 1984 1
862 205123 14 0.096000 4355 1096 1574 0
866 231410 13 0.107300 5323 3429 1436 1
812 155888 11 0.167900 5480 3033 905 0
915 197121 12 0.088900 4646 2846 846 1
705 99109 15 0.137500 5806 1426 1434 1
603 217735 12 0.120800 5021 2523 1022 1
602 185119 9 0.104700 5450 1267 1005 1
559 106693 13 0.117400 4968 3462 961 0
828 206313 14 0.166300 4163 1725 1450 0
771 178641 14 0.172500 4367 1765 1255 0
568 124027 8 0.128100 4880 2066 1831 1
734 152601 13 0.087800 4193 2410 1539 0
693 176985 15 0.058600 4891 2050 1353 0
951 256673 16 0.131000 4405 1035 1728 1
774 203950 14 0.127300 4858 2728 1981 1
541 142388 12 0.171400 4792 1349 1831 1
921 153908 11 0.064000 5139 3493 1373 0
533 140108 11 0.159900 5053 1145 1166 1
990 244693 17 0.030900 5566 3001 1261 1
736 193668 11 0.137400 4326 1809 1663 0
809 162634 13 0.147400 4379 3288 1530 0
986 251158 13 0.099200 4404 3087 1623 0
682 191683 16 0.094400 4349 3126 1622 0
606 164152 12 0.077500 5393 1790 869 0
768 231586 11 0.060400 4572 3575 1373 1
995 268156 10 0.115900 4063 2023 1139 0
927 242401 15 0.088100 4577 871 859 0
869 252225 11 0.074700 5563 1962 1429 1
701 223382 18 0.105000 5759 2562 1589 1
791 276983 14 0.143900 5287 2599 1021 0
981 195352 15 0.075500 4592 1058 1345 1
633 164711 15 0.085900 4147 2191 1891 0
670 148745 15 0.097000 5620 2063 1306 0
649 194928 11 0.021900 4406 3237 931 1
945 185787 13 0.112600 5417 885 1834 0
667 99106 15 0.168000 5709 2759 821 1
896 289138 17 0.146000 5845 3813 1392 1
907 232670 18 0.113000 5634 1750 1875 0
919 208345 15 0.056300 4315 2288 1259 1
985 294890 13 0.117500 5479 3382 1006 0
870 177546 10 0.062600 4968 3346 1608 1
661 143839 15 0.127500 5421 1784 1782 1
583 133700 15 0.144500 4413 2744 956 1
947 306868 13 0.094900 4628 1575 1635 1
584 104294 13 0.070600 4616 2532 1515 0
694 130435 11 0.031400 5900 1051 1332 1
908 168902 10 0.106900 4313 2993 1732 1
529 146445 13 0.130400 4129 2788 1807 0
921 252726 15 0.160500 5024 870 1082 1
775 274512 14 0.133000 5091 3844 1800 0
592 105645 8 0.164900 5799 3229 1785 1
534 134025 13 0.021200 5509 2196 1478 1
714 255669 13 0.068800 5450 1953 1428 1
999 335618 12 0.131200 5478 3854 1907 1
856 243637 16 0.112600 4606 2073 988 0
722 158191 15 0.060800 5029 1860 1791 1
811 183115 11 0.094000 4362 2375 1705 0
855 192343 13 0.117900 5709 2452 1728 0
566 202642 13 0.055700 5464 898 1050 0
823 187720 13 0.102700 5228 3243 1630 1
917 204682 14 0.139400 4953 3348 1650 0
590 202056 11 0.063600 5169 2421 1406 1
598 145894 12 0.139400 5919 3776 1993 1
567 117245 12 0.015500 4124 2445 1935 0
665 130777 18 0.084700 5080 1816 1104 0
631 175988 15 0.121300 5699 3053 1373 1
601 168604 15 0.152500 4681 1641 1835 1
974 228606 10 0.049700 4202 3244 1161 0
860 192711 13 0.061300 4380 3882 1750 1
766 187775 12 0.155800 5641 3929 883 0
933 304252 13 0.076300 5286 3247 993 0
986 346243 11 0.054600 4861 2693 1593 1
799 214311 9 0.019000 4370 1959 1738 0
810 114314 18 0.135800 4130 1427 1137 1
748 188672 14 0.102400 5159 2782 879 0
706 178470 11 0.061600 5791 1078 1240 1
794 262777 11 0.118400 4991 3605 1379 1
565 149612 15 0.142900 5340 3612 1524 0
993 252638 10 0.067800 5177 3893 1416 1
575 78529 14 0.179300 5475 3822 1077 0
507 83982 13 0.047600 5749 2240 1880 1
920 190089 14 0.178300 4766 2296 1905 0
554 90864 14 0.048100 4667 2389 1672 0
650 143292 12 0.115300 4341 2497 1141 1
744 219768 14 0.061000 4309 3568 1304 1
873 188517 11 0.079400 5053 1299 1367 0
