841 198644 9 0.081300 4388 1709 1646 1
612 129921 13 0.082500 5967 3784 885 0
862 127672 16 0.174600 4570 2616 1194 0
732 181614 16 0.089600 5613 1606 933 0
525 113030 13 0.151200 4619 1566 991 0
709 181620 13 0.067300 4640 2706 1553 1
888 142540 16 0.089200 5806 2172 1545 0
978 157973 12 0.171600 4985 1535 1372 1
521 125164 15 0.043400 4256 2167 807 1
641 199934 12 0.064200 4683 2016 1238 0
831 196816 12 0.040000 5276 1411 1723 0
829 196291 12 0.137700 4180 3708 1180 0
605 131243 9 0.112100 5220 3552 1584 1
917 197906 18 0.035900 5200 1431 1569 1
502 164263 14 0.080700 4102 3293 1274 1
791 231673 15 0.036600 5590 1357 1960 1
688 128791 11 0.088400 4134 862 1970 0
886 214279 16 0.123900 4907 3652 1600 0
531 82100 16 0.108700 5286 940 1104 0
582 122441 15 0.108300 4773 2551 853 1
973 322719 16 0.139500 4477 2589 1993 0
957 183978 15 0.160000 4023 1790 1949 1
774 185309 15 0.170600 4793 803 806 1
886 275946 15 0.134800 4203 3232 1136 0
911 203836 14 0.094900 5296 1074 1771 1
902 208818 14 0.119200 4716 2708 1864 1
642 175082 12 0.157400 4522 2038 1468 1
807 145003 12 0.132700 4381 1948 1269 0
502 138705 14 0.151600 5077 3877 1201 0
668 151941 12 0.088400 5169 3738 1083 1
687 178648 13 0.102300 5633 1823 1560 0
812 267006 13 0.108900 4705 846 1896 0
652 174624 13 0.068500 4012 2999 818 0
576 86586 13 0.117400 4012 829 1516 1
825 261549 10 0.072700 5931 1890 1196 0
688 133911 12 0.062700 5626 2036 1084 0
564 136810 12 0.080900 4332 2518 1655 0
802 261117 16 0.134700 4399 3545 1811 1
918 226566 18 0.105500 4555 2025 1764 1
960 251615 10 0.078400 4692 1457 1430 1
896 140108 13 0.148700 4545 2037 1655 1
630 167285 13 0.167900 4203 3976 924 1
676 174749 16 0.097800 4596 3523 851 1
594 145322 15 0.166300 5427 1546 1727 0
554 133918 9 0.159500 4988 2914 1307 0
955 250443 16 0.026000 5058 3659 1186 1
630 180919 17 0.089300 5296 1496 1609 0
989 214274 13 0.156800 4080 1055 1580 1
718 175539 14 0.039600 4956 2502 1418 0
596 149324 13 0.015600 5875 3393 1300 1
760 182956 10 0.082000 5986 3117 1481 0
854 221840 11 0.139700 5758 2062 1860 1
501 104256 15 0.049100 4484 2542 1737 1
798 238722 12 0.095800 5269 926 1896 0
883 224517 11 0.133900 4465 3979 1435 0
656 116233 14 0.041800 5211 2471 1956 1
717 193687 12 0.131800 4790 3411 1710 1
854 196280 16 0.073600 5018 2577 939 1
871 198965 12 0.022100 4621 1523 1696 0
572 126028 13 0.168300 4565 1257 1078 1
522 118063 14 0.135600 5974 3709 1416 0
506 139609 13 0.097400 4006 1869 1069 1
799 123092 13 0.125000 5957 2467 1596 0
991 212602 9 0.139200 5655 2740 1880 1
912 207761 14 0.108500 5585 903 1775 0
871 222758 15 0.169900 4090 1382 1589 0
756 225537 9 0.097400 5959 1396 1273 0
844 249539 11 0.131500 5179 1701 812 1
994 297713 14 0.105000 5303 2787 1174 1
841 217142 12 0.176500 4533 2465 1246 0
755 156237 9 0.058100 4102 2529 1551 0
945 230893 18 0.108900 4784 3937 1806 0
950 201572 13 0.086400 5132 971 1703 0
716 190460 12 0.135400 4257 2540 1579 1
923 227298 11 0.082400 5894 822 1786 0
824 188744 14 0.135000 5652 1877 1803 1
682 214540 11 0.106900 5274 1073 1038 0
714 266024 14 0.048000 5944 1958 1186 0
805 179327 13 0.131700 4238 2613 1153 0
638 209812 11 0.118900 5741 3140 1198 0
828 231206 16 0.111300 4366 2866 936 1
558 169813 12 0.001400 5262 3269 1608 1
932 317746 14 0.114400 5303 969 1921 1
957 269583 18 0.107600 4887 3837 1912 1
926 212996 14 0.010700 5824 1462 810 1
582 180668 10 0.143100 5407 1765 1969 1
719 174784 12 0.086100 5427 1489 1843 0
902 267421 17 0.035900 5677 2787 1803 0
517 102197 11 0.134600 4020 3645 1949 1
573 119358 11 0.092300 5110 1753 1421 1
778 156679 12 0.102300 4320 3713 1281 1
756 215925 15 0.104900 5407 2846 984 1
548 115020 11 0.174600 5197 2770 1272 1
787 220549 10 0.053800 4683 2537 1286 0
712 155559 18 0.089500 5616 3395 1191 0
637 218241 15 0.164500 4643 1573 1744 0
945 246386 13 0.077100 5107 3712 1149 1
785 201300 11 0.098700 4935 3929 1272 0
617 159631 16 0.131700 4908 3345 1563 1
982 258061 17 0.044700 5282 3414 1075 0
