598 107003 14 0.114600 5442 3074 1426 1
828 254032 11 0.059200 5247 2232 1702 0
786 195662 13 0.076300 4985 3553 1987 1
673 204011 16 0.071800 5280 2943 1706 1
601 140527 18 0.095900 4818 3069 976 0
534 135497 14 0.072600 5740 1143 1152 1
606 144046 11 0.004800 4909 2168 971 0
897 180065 14 0.107900 4278 2196 1952 1
593 137540 12 0.130900 5317 3648 1146 1
691 141481 13 0.104900 4044 982 1807 0
999 181955 15 0.143900 5129 3606 1991 0
727 108799 11 0.129000 4862 3614 1393 0
509 87986 13 0.154500 4423 961 1312 1
970 283480 9 0.076700 4997 3228 1008 1
531 131537 13 0.180200 5737 1582 1402 1
848 212842 16 0.124500 4326 3087 1342 1
795 203653 15 0.098600 4024 3921 1589 0
862 168107 12 0.022700 4695 2557 1989 1
971 186369 10 0.124400 4927 1491 1272 1
918 279578 8 0.176000 4243 1328 1587 1
638 174243 8 0.059700 4166 2093 990 0
753 228585 14 0.168000 4821 2861 873 0
787 235908 14 0.105800 5084 3964 1466 1
565 130264 12 0.149900 5860 2602 826 1
556 146194 13 0.113500 4704 1704 1110 0
514 80253 17 0.109100 4628 1857 1341 1
903 311083 12 0.053300 5303 3797 1134 1
664 203210 8 0.039000 4908 3733 1526 1
924 228349 9 0.170200 4058 2336 1181 0
905 199512 12 0.050000 4146 2164 1357 0
875 199568 14 0.082500 5785 2995 840 1
538 170394 13 0.152500 5051 3525 896 0
796 249351 13 0.180300 5052 2187 1401 0
556 133395 17 0.064200 5118 2276 1127 1
633 113734 12 0.141300 5137 1737 1403 0
979 278366 13 0.099100 5226 3649 1220 0
771 148997 10 0.086200 5091 1437 937 0
547 116556 14 0.055500 4131 3374 1066 1
976 243963 12 0.058300 5914 3082 1709 0
823 299336 14 0.088200 5589 1804 1832 1
564 190782 15 0.075500 4903 3510 924 0
537 100648 17 0.034900 4068 2426 1387 1
576 129548 12 0.165900 4769 1583 1733 1
626 174609 12 0.184700 5079 1380 1067 0
681 176409 11 0.126900 5463 3455 1202 0
674 191773 15 0.046600 4753 1659 1108 0
705 165566 12 0.098600 5350 1637 1573 1
691 168458 13 0.155800 4721 1031 1726 1
961 198317 11 0.114500 4148 1314 1444 0
894 281171 17 0.057300 5588 3435 1096 1
620 219755 8 0.111700 5292 1868 1832 1
689 230330 18 0.044400 5666 3430 1963 0
539 106897 10 0.145300 4641 3445 1829 0
991 255463 11 0.106800 4092 1931 1309 0
503 119363 12 0.097300 5306 2320 1550 0
693 109380 16 0.085200 4452 2012 1387 0
650 161820 9 0.095400 5714 3222 1467 0
877 199198 12 0.079000 4883 2171 1922 0
601 141426 12 0.076100 4178 3871 1354 0
588 126945 12 0.129500 5816 824 1916 0
876 243176 12 0.114500 5819 3993 1116 1
688 129213 16 0.174600 5354 3402 1357 0
558 118673 15 0.176500 4904 3994 1231 1
739 204723 16 0.042600 5441 3132 1273 0
756 189234 14 0.114600 5690 1067 887 1
820 167426 15 0.097500 4117 3363 1860 0
851 211634 12 0.098800 5353 2367 1589 0
959 298318 8 0.150800 4881 976 1371 0
874 168811 14 0.108300 4644 2789 1484 0
683 171304 15 0.129200 5907 2728 1610 1
513 100706 13 0.097900 5466 1801 1834 1
614 164335 13 0.110300 4280 1901 914 1
943 245000 8 0.088400 5699 1923 1009 1
758 190155 13 0.091900 5337 2064 1026 0
616 159286 15 0.116000 5982 853 1419 0
932 313641 11 0.072200 4084 1780 1600 1
793 256070 13 0.116200 5769 2075 1573 0
727 195744 12 0.090700 4999 2179 855 0
566 141298 16 0.074500 5350 1992 1643 1
892 164777 12 0.136300 4466 2618 938 0
756 194260 13 0.128000 4495 1272 804 1
929 234432 10 0.114100 4024 2417 1790 1
670 181059 16 0.140400 4451 3055 1581 1
777 144394 14 0.120600 5337 3500 1765 1
788 199936 16 0.081500 4891 2014 1829 1
689 199763 12 0.052200 5939 2128 1186 1
568 178307 13 0.087200 5931 2238 943 1
652 137856 17 0.071200 4773 1681 896 0
867 162538 13 0.107000 5978 1569 1131 0
570 130722 9 0.129300 4810 1788 1396 1
681 128214 14 0.063300 5066 2519 960 0
938 310062 16 0.130400 5928 3150 1108 1
704 190799 12 0.140700 4049 3714 1263 0
947 192457 12 0.021200 4688 3592 1665 1
663 139420 12 0.101400 5383 2901 1776 0
543 178911 17 0.093300 4915 3222 1680 0
829 268965 12 0.093400 5269 1088 1122 1
806 208576 15 0.030100 4900 830 1349 1
882 231044 15 0.051700 4354 1484 1074 0
969 235867 9 0.092200 4594 1504 955 1
