558 111296 13 0.071700 5688 2665 1896 0
762 194231 15 0.073500 5071 3282 1560 1
998 242635 12 0.101900 5342 1547 1006 1
763 159247 13 0.092800 4518 1057 1523 0
718 180211 18 0.084300 4758 2124 1440 0
502 134045 12 0.073100 5336 2143 1968 1
525 154347 9 0.084400 5907 809 905 1
586 86342 12 0.150500 5076 2571 1820 1
825 248190 10 0.145000 5197 2175 1249 0
580 118118 16 0.115200 5479 3089 1636 1
749 219058 12 0.070100 4391 2633 1341 0
945 234163 15 0.070200 5514 2106 1445 1
577 199881 8 0.162200 5152 3712 1863 0
571 150269 13 0.116500 5866 3624 1327 1
775 152165 11 0.159400 5529 2276 1092 0
558 118999 10 0.127900 4694 1728 1447 0
900 251628 13 0.055900 4503 914 1305 1
635 209372 13 0.064400 5722 1580 1091 1
798 225718 15 0.082300 4140 3027 987 1
590 156259 17 0.087700 4636 3626 831 0
658 139272 10 0.112000 5503 1258 1653 1
652 138686 17 0.102300 4183 3730 1192 0
554 118662 11 0.026200 5361 3405 1507 1
853 233852 8 0.066800 4097 2993 1401 1
559 119299 10 0.107800 5742 2411 1135 0
531 131338 8 0.099700 4762 1787 1807 0
577 132277 12 0.042700 4332 851 1387 1
753 174960 13 0.189800 4492 1894 1750 1
571 139867 12 0.051300 4502 1575 1932 1
944 173949 14 0.161700 4342 2607 1655 1
553 95752 16 0.084300 5333 2923 1502 0
733 153229 13 0.052200 4383 1463 1079 1
522 124812 16 0.122000 5506 2036 1967 1
610 142010 12 0.068500 4770 1378 1674 1
638 142230 17 0.122700 4329 2144 1122 0
844 186892 12 0.115900 4370 2727 1471 1
673 165726 11 0.141400 4438 3188 1145 0
926 231986 16 0.073100 4445 3658 1446 0
901 198085 16 0.086800 4190 1931 1248 0
987 332261 12 0.074800 4653 2350 1962 1
729 234288 15 0.115600 5175 1955 1037 0
822 166065 11 0.085300 4950 2500 1609 1
557 160127 12 0.114000 4243 3267 1114 0
889 220160 11 0.098300 4425 2243 1024 0
556 118153 10 0.109600 4508 3095 1627 0
705 187759 15 0.023600 5912 3699 1260 1
598 141061 17 0.109200 4951 2243 1992 1
538 150832 14 0.133400 4336 3853 1781 0
786 217759 12 0.066900 5262 1699 1315 0
850 202232 13 0.104300 4780 3040 1651 1
964 199918 13 0.052500 5579 3948 1383 1
542 134258 15 0.161000 5893 2802 1951 1
902 225553 13 0.102200 4125 3445 928 0
808 176878 10 0.106600 4696 891 1842 0
793 257312 15 0.137400 4581 1433 869 1
593 118995 13 0.164400 4054 3382 1010 1
826 203624 16 0.059700 4173 948 1435 1
931 207976 12 0.167800 5758 1795 1527 1
936 204639 16 0.047700 4548 2159 1180 0
932 197429 8 0.097100 5403 962 943 0
576 155607 12 0.053600 4681 1836 1785 0
685 193551 15 0.031800 5102 2837 1178 1
755 125203 11 0.104800 5889 2608 1378 1
985 186374 15 0.090700 5388 3569 816 0
827 190223 17 0.087800 4185 981 1333 1
956 288941 9 0.105600 5726 964 1864 1
670 191657 13 0.107800 5088 3108 1663 0
851 201522 13 0.080700 5639 936 1476 0
933 260257 14 0.110800 5676 3902 1070 0
540 91319 16 0.092100 5551 3611 1991 1
507 117482 14 0.026500 4340 3608 1415 0
875 185231 13 0.144200 4482 2988 1612 1
782 205699 14 0.081300 4910 2891 1814 1
988 237762 9 0.159600 5651 1054 1133 1
545 166994 17 0.171000 4842 1572 1073 0
927 234213 15 0.107400 4763 1061 1317 0
883 182520 13 0.161400 5886 933 1255 0
948 307168 15 0.097500 4411 2094 1931 1
792 168782 10 0.058600 5777 1857 904 0
858 256803 15 0.108700 4821 1162 1435 0
982 274918 15 0.126500 5031 1238 1392 1
625 149895 15 0.091000 4019 2328 1725 0
762 152702 14 0.086800 4981 1378 1701 1
858 265515 13 0.171400 5150 3937 1182 0
954 269824 12 0.124300 4119 1034 1867 0
742 101317 8 0.100300 5188 2738 1071 0
747 240369 9 0.095500 4915 3391 1575 1
562 157463 9 0.134900 5362 2878 886 1
958 230658 14 0.039000 4557 1275 1279 0
581 133038 14 0.074500 5235 1605 902 0
553 184812 11 0.149700 5616 2534 1585 1
908 312677 10 0.180200 5752 2078 1487 0
684 159341 10 0.052000 4134 1589 1039 0
725 240222 13 0.122800 5627 3723 1506 1
939 161110 9 0.173100 5880 2058 1181 0
654 173331 13 0.105200 4638 1465 1045 0
581 148252 14 0.055000 5825 1527 1233 1
532 156908 12 0.086200 5446 3727 1009 0
953 249187 14 0.088400 5931 2210 1418 0
518 114577 10 0.184600 5099 2968 1419 1
