731 664587 10 0.058400 4399 2712 997 1
757 828499 8 0.112200 4996 2289 916 1
653 674208 13 0.032400 5318 3220 1007 0
633 452871 9 0.124500 4183 3282 1253 1
588 793838 12 0.111100 4895 1733 1123 0
805 823057 14 0.136100 5117 1517 1595 1
733 479562 8 0.094000 4706 3392 1637 0
590 416057 13 0.138500 5104 1284 1175 1
876 799460 18 0.079400 5615 3141 1905 1
797 1132762 14 0.099000 5074 2013 1230 1
798 921855 13 0.116400 5920 3604 1932 0
595 644731 13 0.043100 4568 1166 1122 0
892 576215 14 0.090400 5428 991 884 0
635 608986 15 0.111800 5832 2254 1980 1
609 419783 14 0.039700 4408 3372 1505 0
816 1062091 17 0.034200 5467 2151 1974 1
998 840930 17 0.117500 4946 3020 1845 0
982 1171475 12 0.130600 5669 2116 1364 1
917 908654 14 0.115500 4066 2313 1379 0
749 948990 17 0.069700 4735 1738 1702 1
629 644005 15 0.167300 5649 1084 1536 1
814 562151 13 0.096300 4553 1769 1824 0
540 647500 15 0.038400 4073 2476 1767 1
659 761124 8 0.075100 5209 1248 896 0
592 699594 12 0.141100 5520 3793 987 0
675 846160 13 0.059600 4478 3622 1774 0
578 630619 13 0.130700 4866 1309 1956 1
617 412725 10 0.114300 4866 2916 1662 0
647 771315 11 0.111400 4219 1659 1386 1
894 704474 12 0.098900 4186 988 1571 0
606 582238 11 0.121400 5043 1596 1274 1
534 543857 11 0.115400 4907 1409 1549 0
899 1095055 12 0.093300 5315 1132 1902 1
897 958685 11 0.124700 4395 3421 1950 1
874 1141289 10 0.104000 5765 3269 1757 0
638 814138 11 0.124700 5701 1773 804 0
525 534772 11 0.082400 5570 871 834 0
526 527867 16 0.127100 4095 3968 1509 1
883 1219228 14 0.097700 5227 1741 863 1
663 425920 11 0.101200 5444 3127 1706 0
656 472244 11 0.111900 4571 3753 1102 1
814 981249 14 0.196100 4743 3932 1153 0
894 615197 11 0.089800 4393 2751 1157 1
727 650473 13 0.068000 5731 3188 1476 1
919 768725 13 0.106400 5561 3252 821 1
566 486115 12 0.109500 5821 3964 1193 0
562 557021 13 0.133300 5984 2564 1083 0
983 1310110 15 0.110300 5473 1962 1842 1
605 464310 17 0.067200 4387 3986 1915 1
714 760889 13 0.076800 4596 2502 860 0
576 355190 15 0.159300 5354 1022 1702 1
831 838272 12 0.041000 4475 926 1793 0
587 485963 16 0.109100 4134 1450 1940 0
952 1056315 14 0.164000 5752 2666 853 0
731 771978 15 0.127300 5440 1716 1238 1
934 868815 11 0.056400 4369 3137 1345 1
735 775208 16 0.054900 5439 3753 1871 1
980 1063951 12 0.087900 4187 2756 1160 1
663 860056 11 0.134900 5318 2807 1902 0
500 378783 12 0.072200 4517 929 1069 0
913 887921 13 0.050800 4301 2666 1045 0
756 494031 12 0.159500 4024 1011 1618 0
560 540027 11 0.062200 5588 2881 1822 0
599 479078 14 0.106700 5647 2726 1534 1
824 1176211 8 0.081400 4680 3444 1234 1
941 1051371 10 0.078500 5774 2221 1033 1
802 844594 15 0.105400 4334 2605 1631 0
944 774652 15 0.122900 5475 1124 1242 1
527 677807 10 0.065500 4546 1027 917 0
943 648774 11 0.015600 5386 2404 1507 0
813 802112 14 0.187600 4761 2630 1964 1
947 931626 13 0.033400 4131 2400 1804 1
520 477462 13 0.162600 4736 1069 1272 1
921 1233794 13 0.172400 5538 2538 1220 0
780 679658 14 0.086900 4157 3718 1849 0
979 1015558 14 0.041400 5179 954 1697 1
936 737181 12 0.135600 4000 1240 1726 0
668 802226 12 0.045000 5227 2164 964 1
790 474423 15 0.068600 5871 1750 1902 1
935 1069421 15 0.090900 5282 1499 1187 0
928 1382202 13 0.099500 4452 1984 1222 0
658 947858 14 0.013300 4448 2569 1293 1
720 822819 10 0.157800 4297 1012 1055 0
831 799838 13 0.099100 4739 1692 1205 1
517 569437 11 0.133400 4217 3742 1843 0
573 634693 9 0.173500 4257 3783 805 0
618 573778 10 0.052900 5283 3216 1122 1
826 946259 13 0.105000 4657 2722 1539 0
620 481594 15 0.066300 4101 2789 1976 0
759 853263 10 0.111800 4714 1778 883 1
736 876121 16 0.072700 5200 2047 1609 0
669 667483 14 0.126500 5956 3744 1591 1
712 547070 15 0.132200 4076 3047 1996 0
804 794837 9 0.102100 4582 2111 1213 1
564 676653 15 0.165800 5198 2426 1468 0
608 764250 12 0.069900 4338 3461 1530 1
635 639162 13 0.057400 4448 2739 1133 0
962 840710 12 0.060400 4990 1663 1505 0
818 1049445 14 0.166700 4480 1577 951 1
839 1004021 13 0.086000 5815 1430 1988 1
