644 633391 13 0.043800 5791 3170 884 1
681 668633 14 0.112900 4835 2322 1633 0
944 843277 14 0.094200 5485 3716 1796 0
937 817042 12 0.127600 5881 3053 1226 1
724 746177 12 0.146300 4123 3203 870 1
829 1039444 12 0.027600 4034 2413 996 0
723 638731 16 0.070800 5800 2018 1604 0
652 593843 16 0.079800 5418 3980 1106 1
748 732341 14 0.111200 4509 1910 1396 0
515 413851 11 0.122600 5549 2343 1832 1
641 753154 15 0.086800 4597 990 1934 0
717 694802 12 0.133700 5642 910 908 1
506 630395 8 0.059100 5865 3976 1342 0
671 700830 14 0.109200 4720 3898 1037 0
753 775138 14 0.139000 5090 1240 990 0
645 710419 15 0.123900 4097 1153 871 0
808 676011 12 0.104600 5565 2098 1622 0
932 1049314 14 0.138400 5653 3791 1961 0
860 856341 11 0.151100 5059 960 1988 1
612 433318 12 0.095600 4069 1141 1068 1
929 927658 14 0.104900 5374 1701 1089 1
976 1059492 16 0.129700 5246 848 837 0
715 646473 11 0.087800 4252 3497 1690 1
682 657941 13 0.033900 4388 3125 986 1
508 630317 14 0.159700 5468 1701 1815 1
806 667639 13 0.065300 4442 1780 1689 1
532 537824 9 0.146700 5704 3759 1612 1
895 1047094 16 0.092400 5303 1610 1757 1
781 743386 15 0.169400 4362 1667 1684 1
816 869284 11 0.070400 5036 3743 1032 0
709 482517 11 0.130900 4058 2028 1161 1
793 593893 16 0.178000 5606 2204 1131 0
513 340425 8 0.128600 4016 1416 1041 1
671 737947 16 0.041100 5406 3680 942 1
521 696618 12 0.164800 5666 2969 896 1
623 779381 13 0.109200 4662 3900 1875 1
719 629219 17 0.127800 4464 949 1726 0
732 760413 12 0.153900 4242 2034 1212 0
894 924362 13 0.035600 5809 2258 1876 0
974 837797 13 0.002200 4699 3575 1651 1
544 749077 8 0.060600 4484 903 1073 0
909 907875 14 0.162000 4772 1369 1207 0
635 454716 12 0.041700 5616 953 1037 1
789 454602 15 0.143200 5486 3951 1132 1
913 882924 15 0.059800 5376 1284 1844 1
590 414694 12 0.167100 5389 2512 1871 0
696 870199 18 0.110200 4568 3742 1168 1
961 887096 12 0.102000 4746 3451 1646 0
874 824540 13 0.088000 5233 3726 1029 0
822 765704 10 0.012500 4428 1228 997 1
929 955013 9 0.155300 4490 1956 1605 0
761 671932 10 0.125800 5809 1946 1204 0
699 809153 15 0.163200 5368 2917 1364 0
694 701703 15 0.171800 4114 2918 1110 0
750 892342 16 0.190700 5587 2882 1237 0
992 1033070 15 0.024800 5145 2171 1235 0
766 910154 11 0.104800 4324 3836 1567 0
807 683410 9 0.002600 4718 3173 1231 0
698 392260 15 0.111600 4925 3260 1687 0
870 932751 12 0.076900 4350 851 1460 1
969 1149552 10 0.155900 4263 1887 1826 1
863 716613 15 0.035300 5487 2962 864 1
884 954940 13 0.068200 5388 1710 962 0
563 417349 14 0.129200 4366 1486 1841 1
889 1140911 16 0.029800 5122 3049 1154 1
925 873298 13 0.036100 4393 1738 1335 1
538 580504 16 0.143700 5283 1825 1074 0
859 1162891 18 0.051300 5822 3507 1924 0
899 507515 8 0.146300 4423 3874 1763 1
557 370804 17 0.041300 4495 2549 1698 1
606 355021 10 0.050000 5464 3746 1184 0
703 558658 14 0.102000 4383 1037 1500 1
731 561614 12 0.084500 4932 3721 1716 0
685 414165 15 0.104000 4553 1479 1185 0
715 825990 14 0.089600 4947 3592 875 0
844 668902 12 0.114600 4717 3909 1705 0
891 897796 12 0.106500 4026 3882 1135 0
503 347785 12 0.076100 5482 3650 1608 0
781 517071 15 0.039300 4149 2991 1474 1
762 797875 10 0.165800 5236 3051 1004 0
849 578458 14 0.051200 5947 3990 1475 1
788 1009745 13 0.086800 4940 3311 802 1
988 1128871 11 0.158500 4963 1210 1488 1
975 874963 14 0.127200 5953 1456 1402 0
531 674476 12 0.111200 5868 1302 1631 1
896 669499 13 0.063100 4619 3826 895 1
941 910719 14 0.094700 5677 2991 1687 0
635 756592 13 0.155800 5585 1821 1455 0
886 913406 12 0.142000 5231 1158 1841 1
967 878028 10 0.045300 5730 2542 1913 0
923 721400 13 0.062400 4073 3665 1794 0
724 976829 10 0.137600 4991 2367 1143 1
536 575027 15 0.088600 4592 2215 1534 1
897 672932 11 0.090000 5577 3668 1507 1
962 1142137 10 0.121900 4973 1732 1132 1
809 709586 13 0.130100 4020 2000 1372 0
702 850073 14 0.136400 4573 3942 1519 0
775 732077 16 0.071200 5413 2925 1692 1
758 498325 12 0.062900 4626 3162 1106 1
615 559178 13 0.048500 5937 2187 1646 1
