980 730841 13 0.117900 5361 1686 1448 0
604 450338 16 0.054200 5346 2514 1576 0
809 713743 16 0.102600 4323 1932 1470 1
747 414901 9 0.135900 4728 1244 1248 1
709 537970 9 0.107700 4954 916 1357 1
920 826800 9 0.064000 5655 1768 1402 1
559 530247 13 0.113200 5310 2825 819 1
773 880156 12 0.068200 4085 2942 1677 0
850 983308 15 0.135400 4158 2950 1498 0
827 1135639 11 0.168300 4914 2884 1549 0
941 967473 15 0.132400 5322 3057 979 1
791 853901 16 0.153000 4146 3808 1565 0
581 709686 10 0.084600 4964 3560 1466 1
531 521035 10 0.175800 4870 3105 1934 1
966 1013301 15 0.016500 5795 1706 941 0
920 1112681 12 0.049300 4959 3149 1371 0
868 984065 11 0.121800 4381 3404 1604 0
615 573161 13 0.087500 5804 2058 1678 0
762 714731 14 0.196700 4879 2812 1198 1
940 1167584 16 0.147500 4376 1281 1845 0
512 511325 12 0.115100 5776 1757 1287 1
974 929255 11 0.096100 4692 1935 1085 1
823 964908 15 0.174700 4135 2942 1275 0
599 520997 13 0.149500 5430 3145 893 0
910 892717 17 0.085800 4276 1522 1669 1
523 478563 16 0.132000 4141 3309 1969 0
879 1047540 17 0.121400 4452 1398 1553 1
542 793071 15 0.060100 5905 3438 1674 1
926 1025087 11 0.038000 5539 3169 1743 1
756 1003593 16 0.141700 5040 1412 1311 0
642 897470 12 0.176800 4769 884 1332 1
769 904921 13 0.079700 4392 1637 1280 0
605 720190 12 0.141300 4440 3762 1417 1
902 1237937 10 0.148100 4663 2616 938 1
510 434873 9 0.076500 4870 2931 1525 0
543 592572 14 0.062200 4776 3205 1240 0
504 563226 18 0.102300 5319 2602 1962 0
674 612583 12 0.081900 5307 3202 1939 1
594 740329 13 0.077800 4438 3870 1502 1
805 932279 9 0.054200 4336 2095 1491 0
967 917948 13 0.095300 4200 2518 1904 1
543 407252 12 0.121700 4728 1917 1675 0
794 1050009 15 0.014100 4518 2037 1628 1
601 530644 11 0.108400 5623 2749 1995 1
507 621869 13 0.040500 4167 3587 1483 1
626 590782 12 0.058900 5782 3715 1376 0
648 610904 14 0.101300 4419 1900 1346 0
628 723566 11 0.145700 5210 2560 1528 1
650 751076 16 0.083100 4299 3285 1948 1
965 1112447 18 0.143200 5676 3553 1515 0
553 686774 15 0.134300 5013 1579 1438 1
549 502266 16 0.128700 5597 2150 1115 1
766 1090046 13 0.041200 5691 1669 1150 0
609 803524 16 0.075300 4587 2508 1762 0
945 647780 13 0.079200 4123 3567 1089 0
503 430421 14 0.149000 4467 847 1720 0
609 693669 11 0.191500 5379 963 1823 1
716 592472 16 0.106600 4565 1056 1620 1
978 1042185 12 0.069800 4766 1610 1060 0
746 864772 13 0.099900 5330 1198 878 0
852 1159413 9 0.122200 4760 941 892 1
841 798746 16 0.117300 4657 3267 1005 1
754 625617 12 0.082100 4771 1812 948 0
844 776868 16 0.128200 4399 2482 1180 0
667 600323 14 0.046600 4357 2637 1873 0
960 832316 10 0.109400 4859 3982 1160 1
833 933037 12 0.117200 4482 3580 1265 0
990 757215 12 0.188000 5110 3216 1686 0
686 660520 15 0.057900 4900 3572 1617 1
926 1104373 14 0.076400 5569 2224 1852 1
588 712824 13 0.065500 4267 3153 1218 0
779 599973 12 0.023900 5423 3892 1306 0
873 1084216 16 0.125300 5195 3521 1988 0
799 605397 9 0.118500 5151 3017 1490 0
911 786758 10 0.034400 4190 2858 826 0
844 570440 11 0.039400 4431 3911 1352 0
631 904478 14 0.140000 4825 2060 838 1
838 827653 14 0.052900 4800 3263 1469 1
778 1011494 13 0.093100 4017 2017 1181 1
579 364746 12 0.130800 5880 1900 1104 0
536 540055 11 0.157400 5839 2370 1516 1
626 657746 15 0.093600 5998 2158 879 0
604 647122 10 0.142400 4026 866 1611 1
994 1209787 12 0.119700 4337 907 1875 1
525 508409 17 0.140500 5246 2569 1960 0
514 440192 11 0.097300 5421 2865 881 1
528 526265 11 0.119900 5692 2593 1614 1
680 476847 17 0.182100 4723 1233 1822 1
935 859868 13 0.056900 4014 2987 1351 1
568 420235 13 0.020200 4421 1560 1838 0
674 865012 15 0.065700 4827 881 1380 1
940 888057 8 0.111500 5159 3794 1436 1
716 888414 13 0.036400 5463 3214 1348 0
934 829065 10 0.145000 5595 1196 893 1
713 652730 8 0.071400 5290 3487 1893 0
744 548218 11 0.054500 4282 2532 1872 1
984 1033428 10 0.129600 4890 1827 1574 1
936 608839 11 0.092600 4367 3979 1455 0
878 736342 11 0.045400 5816 2094 1132 0
668 750998 14 0.162900 5351 1356 1527 0
