832 697766 13 0.079800 5464 929 1023 0
734 929458 17 0.183600 5934 3400 1725 0
647 669518 14 0.049000 5205 1359 1123 0
567 706026 10 0.128900 5655 3308 1186 1
719 643687 13 0.182600 5829 806 1228 1
672 873254 12 0.111400 5853 892 1854 1
922 914064 10 0.048600 5265 1605 1372 0
989 906380 10 0.098800 5359 3661 1590 0
939 716672 10 0.052800 5347 2563 1689 1
861 1104503 13 0.135500 4064 1136 1541 1
837 748228 10 0.145400 4561 3117 885 0
701 506831 11 0.049600 4515 1128 1747 1
659 568045 14 0.159700 5070 2388 1480 0
540 396823 14 0.106100 4077 2376 1102 1
901 778589 11 0.068100 4060 3244 1038 0
546 641637 13 0.105300 4226 2350 1398 0
521 677928 13 0.107200 5107 883 1061 0
618 491492 14 0.064600 4667 1613 835 1
937 792147 10 0.036100 5867 1848 1231 0
599 543491 14 0.130200 4868 3530 1095 1
542 361512 13 0.169200 5617 2938 1963 0
666 791138 12 0.155600 4265 1508 1668 0
637 642925 11 0.162400 4707 1490 1742 1
796 864291 16 0.094400 5169 2082 825 1
731 747778 12 0.142400 5324 3277 1968 0
633 655184 14 0.154000 4042 2573 1287 0
748 883802 14 0.053800 4372 1088 1120 1
517 415274 14 0.120400 4031 2781 1938 0
787 774434 9 0.093100 4958 3842 1710 1
520 466429 15 0.090500 5336 1909 1168 1
683 700083 14 0.100000 4010 842 915 1
530 458134 8 0.077300 4559 1786 1669 1
926 800605 12 0.115900 4224 1524 1663 0
582 435484 15 0.090700 5284 1526 1759 1
627 533575 13 0.101700 4648 3146 1166 0
933 861325 10 0.091600 5401 870 832 0
501 465953 13 0.111700 4852 1405 1183 1
648 601625 9 0.107100 4805 3724 1218 1
698 906672 9 0.025900 5747 1116 1247 1
945 977076 15 0.024300 5750 2197 1364 1
944 805160 9 0.111400 5759 2968 1980 0
726 863724 14 0.123800 5034 2327 1180 0
991 1053779 9 0.058000 4305 1406 917 0
759 757352 9 0.043900 5034 933 1558 0
520 481710 13 0.093200 4309 2333 1580 0
988 563638 11 0.069000 5469 3068 1488 1
902 711633 14 0.058400 5415 2731 1123 0
995 889468 15 0.100800 4939 1733 831 0
655 742392 11 0.113500 5486 3607 1482 1
662 688650 11 0.055600 4073 2246 1512 1
716 948645 14 0.126800 5882 2855 984 1
931 604805 11 0.142700 5082 3968 1948 0
569 673722 18 0.111000 5926 3177 940 0
762 807764 8 0.096600 4316 1669 862 1
850 1041701 11 0.188100 4450 827 1296 1
736 950195 16 0.103300 4736 1001 1297 1
640 598744 12 0.016400 4396 1701 1250 1
968 895042 9 0.110000 4523 3225 1904 0
977 1061828 13 0.028800 5852 1590 1823 0
599 623050 12 0.064300 4894 3079 1747 1
856 871116 16 0.126200 4539 1031 860 0
543 545836 16 0.067400 4137 873 857 1
785 956338 16 0.157400 4231 1170 1589 0
662 600818 9 0.168900 4050 2338 980 1
993 1030756 13 0.120800 4728 2474 1288 1
649 447579 9 0.170900 5025 1297 853 0
567 543740 18 0.074900 5360 3235 1519 0
522 517695 17 0.086300 4081 1448 1896 1
612 663517 14 0.084500 5629 3671 1003 1
831 869336 14 0.031400 4667 3369 1548 0
532 423618 13 0.103200 4610 1622 1300 0
990 1045056 14 0.047200 5507 2827 1159 0
603 709412 10 0.115600 5368 1821 1820 0
627 513368 11 0.167300 4845 922 1847 0
702 412442 17 0.164000 4864 2054 1267 1
864 912208 9 0.111600 4082 1996 1891 1
552 402696 13 0.007300 4146 3922 1358 1
683 806920 10 0.152000 5931 3274 1095 1
882 762271 15 0.087900 4610 958 1239 0
657 795605 15 0.093200 5721 1592 1188 0
965 1071733 15 0.124200 4974 1954 1796 1
884 1042704 12 0.051000 5501 1502 1387 0
557 704820 15 0.077100 5005 2117 1999 0
643 717520 15 0.157900 5574 1956 1138 0
952 670974 13 0.105400 5031 2257 941 0
522 609705 8 0.037600 5466 3058 1332 0
597 567674 10 0.026800 5146 917 1627 0
555 621449 13 0.073200 5531 3560 1489 1
559 563198 12 0.059700 5791 2298 1637 1
678 484392 15 0.131100 4985 1796 1712 1
590 504411 15 0.085800 4065 3473 1200 1
739 432976 11 0.027200 4013 806 1826 1
672 684635 14 0.074500 4511 937 1813 0
703 823015 15 0.117300 4764 1085 1699 1
518 580329 15 0.110600 5904 3805 1125 1
559 703220 15 0.076500 5244 2040 1891 1
643 586720 13 0.084400 4199 3396 825 1
515 551114 13 0.111800 4916 3640 1027 1
936 1107320 14 0.093700 5406 3607 1120 0
861 616653 11 0.072300 5013 3281 886 0
