947 748571 16 0.056300 5371 3024 1589 1
857 743721 10 0.081900 5199 3441 1653 0
845 912700 12 0.123400 4624 1067 1087 1
995 1160785 12 0.150600 5305 3727 1100 1
691 401376 13 0.081100 4157 3518 1326 1
821 668186 15 0.148600 4301 1778 837 0
954 880054 16 0.161500 5019 1765 1107 0
997 1163457 16 0.153400 4996 3812 801 0
896 1183021 9 0.149200 5941 3582 1601 1
550 567067 12 0.145000 5782 1196 1242 0
759 1109939 10 0.032200 5609 1341 1206 1
553 494946 14 0.089100 4696 2110 1872 1
945 1069233 10 0.113800 5166 1379 2000 0
870 697278 17 0.123500 5419 939 1466 1
796 883929 11 0.069300 4636 1073 1131 1
614 747679 15 0.041100 5435 1088 1420 1
594 623935 11 0.021100 5627 1979 1351 1
922 1143262 11 0.035700 5969 2961 1233 1
779 595248 13 0.121000 4427 900 1955 1
994 852888 13 0.074200 5613 3579 1278 0
517 611932 14 0.122900 4139 1711 994 0
660 443352 10 0.078300 5518 3911 1220 1
847 697511 13 0.127000 5978 1442 1887 0
586 518404 12 0.173600 4232 2358 1478 1
690 542474 15 0.069000 5050 2988 1183 1
744 722300 13 0.113300 4394 2157 1666 1
707 671883 10 0.128200 5931 2911 1956 1
649 556681 12 0.174800 5296 950 1230 0
624 479622 16 0.060700 4722 3864 934 1
782 700116 12 0.119500 5022 2370 1052 0
596 662397 12 0.077100 5073 2227 949 0
526 540116 15 0.062700 5911 1478 1611 0
797 914972 12 0.069100 5352 3605 1491 0
671 749384 8 0.140600 5576 1676 1362 0
876 845101 17 0.148400 5772 3146 1543 0
648 780435 12 0.121600 4779 2999 1599 1
886 922215 8 0.088800 4466 2448 1465 1
696 925885 13 0.043200 5205 3323 1249 0
712 997608 9 0.076000 4780 1140 1662 0
613 441272 9 0.115400 4891 2091 1322 0
872 1181121 11 0.062700 4865 3219 1277 1
602 408691 16 0.181400 4291 3653 842 0
846 569866 15 0.095500 4304 1623 999 1
851 876765 16 0.116400 4085 1635 971 1
609 596835 17 0.056700 5223 1805 929 1
514 508211 10 0.105000 5721 2698 1583 1
942 988797 14 0.041400 5503 2915 1856 0
559 463953 14 0.089800 5422 1700 1335 1
767 746892 12 0.127600 5058 2787 834 0
507 595063 8 0.031600 4495 829 1519 1
500 633172 11 0.090600 5439 3804 1515 0
966 742509 16 0.044600 5642 2130 978 0
856 909500 9 0.186200 4059 1147 1235 1
812 1054714 11 0.172600 5069 1328 1405 1
682 926969 14 0.145300 5565 990 1169 0
898 906391 12 0.032900 4121 2133 1637 0
773 759429 12 0.144100 5302 3703 1773 1
724 832103 11 0.184200 5251 2285 1715 0
553 499030 16 0.123800 5389 2176 1317 0
561 549080 15 0.117100 4434 3372 1862 0
714 778521 14 0.082900 5422 3214 1374 0
598 651125 11 0.071700 4263 976 1653 1
976 875786 12 0.102600 5351 3953 1401 0
747 952531 10 0.061800 4472 1783 1571 0
757 579585 12 0.085500 4884 1409 1664 0
541 575320 15 0.097200 5852 1356 1218 0
660 754931 15 0.065800 5602 3198 1920 1
725 509161 9 0.056200 5393 3030 985 0
733 973771 8 0.146600 4484 3637 939 1
505 579885 11 0.132800 4544 3382 1050 1
546 559207 11 0.022400 4310 3503 1830 0
738 601654 8 0.105900 4263 1202 1952 1
703 601605 10 0.047400 4674 3519 1627 0
930 590698 9 0.095000 4440 2132 1968 0
536 716106 13 0.101700 4900 986 1424 1
588 607242 13 0.106800 5692 2451 920 1
683 697637 14 0.103400 4873 1077 1920 0
973 566953 12 0.132900 5271 2934 1852 1
575 755617 13 0.020100 5093 3655 1747 0
748 740358 13 0.111000 5297 3094 920 0
703 911479 12 0.185000 4974 2842 1322 1
982 1027211 15 0.088700 4846 1550 2000 1
736 859355 15 0.079200 4412 3263 1854 0
559 568972 9 0.038100 4747 1981 1722 1
945 1307188 12 0.106900 4978 3881 1289 1
790 624457 14 0.080600 5617 3425 903 1
718 973835 12 0.125900 5730 1942 1294 0
591 427404 8 0.106300 4383 1569 1052 1
916 1051549 15 0.099500 5981 3636 874 1
746 740616 11 0.137100 4688 2138 1196 0
687 769298 17 0.060700 5908 1307 1464 0
934 705600 12 0.043000 4972 1542 1314 1
786 780031 10 0.130500 4001 1811 1605 1
586 622332 11 0.141800 5572 2127 1034 0
877 1131806 14 0.078400 4991 1036 1154 1
658 701296 15 0.100800 5375 941 1034 0
512 534080 15 0.082900 5469 3441 1031 0
714 509393 16 0.020000 5398 3487 1456 0
717 583117 11 0.114100 4260 3076 931 0
563 637952 13 0.173100 5700 2455 1119 1
