870 877030 13 0.173400 4400 1688 1695 0
679 867514 11 0.071600 4399 2480 1794 1
875 543298 12 0.087500 5440 3528 1043 1
788 863203 12 0.120700 5665 2243 901 0
501 549115 10 0.151000 5381 1335 1488 1
883 894621 14 0.128500 4771 3738 913 1
734 528712 12 0.142400 4505 803 827 1
807 803749 12 0.084300 4536 3082 1279 0
566 610734 13 0.124900 4964 1574 1046 0
633 553592 17 0.174100 4874 968 1933 1
821 933772 14 0.072200 5611 1956 940 1
507 567447 13 0.089600 4039 2582 1043 0
593 466554 14 0.070200 4522 1123 1572 1
734 784471 12 0.106700 5269 1700 1900 1
623 433631 15 0.099700 5085 1317 1379 0
588 485956 10 0.142200 5106 3049 830 0
632 686351 16 0.183700 4004 3191 1442 1
552 588185 14 0.113800 4535 3132 1613 0
669 729215 12 0.099700 5244 2109 1044 1
921 1018395 17 0.078600 5850 3801 1001 0
593 489512 18 0.145400 5601 3119 1653 1
503 427385 12 0.088900 5415 897 1708 1
859 979488 11 0.126600 4287 1796 1718 1
851 983115 13 0.040200 5704 1263 1030 1
817 820707 15 0.030900 5154 1694 1698 0
829 972570 14 0.114500 5588 2268 952 0
554 712866 12 0.085300 4250 3135 1544 0
752 624580 9 0.145200 5478 2978 1872 1
591 472051 14 0.123600 4450 3296 1913 0
740 1026981 12 0.144300 5292 2899 1809 1
782 787977 12 0.006400 5918 1969 1411 0
715 816044 11 0.075200 4909 2447 1207 1
745 893295 17 0.076400 5174 3550 1335 0
615 579548 11 0.144800 5218 2812 1978 0
921 1184664 14 0.130100 5530 2645 897 1
762 675518 14 0.142100 5280 1893 1166 0
932 613193 16 0.117100 4170 945 1634 0
624 623779 10 0.088600 4562 3293 1336 0
979 1282691 12 0.107300 4612 3871 1753 0
893 651256 12 0.068100 4838 1944 1842 0
728 541566 13 0.150400 5610 1912 1737 1
950 877469 14 0.165300 4597 3889 1543 1
837 1054595 11 0.068100 4566 3435 1179 0
597 634128 13 0.104000 4829 3445 852 1
505 350392 16 0.166000 5216 878 1979 0
699 906367 11 0.100700 4744 2895 1776 0
910 892318 17 0.154500 4879 950 1604 0
507 443560 12 0.125100 4546 1750 1178 1
620 822000 12 0.080700 4294 916 1684 0
561 668312 13 0.070400 4136 2076 864 1
928 765433 11 0.135200 5897 2015 999 0
700 496217 11 0.104900 4747 1220 1208 0
599 491316 13 0.125300 4762 2650 1670 1
597 708910 11 0.063300 4848 2844 974 0
758 657476 15 0.065400 4057 1486 1082 1
813 617397 15 0.070100 5539 2553 1254 1
915 1045755 12 0.045800 4554 2456 1644 1
820 947620 10 0.129500 4491 1315 1176 1
919 697319 10 0.189200 5368 1493 1619 0
961 1317760 16 0.138300 5108 2705 1146 0
660 714015 13 0.082700 5363 1449 1290 0
819 1151133 11 0.060300 4867 1868 1458 1
720 632011 11 0.140200 5163 1305 831 0
905 592169 12 0.112800 4357 1308 1014 0
505 566490 14 0.095300 4046 3174 1024 1
934 818578 11 0.035800 5116 1503 1216 0
549 664318 10 0.148200 4647 1268 882 1
890 1170690 9 0.087000 4483 2029 1550 1
643 826208 14 0.197600 5532 2318 866 1
697 797668 15 0.126100 5409 3926 1252 1
756 854952 13 0.063600 5501 1990 1777 0
597 567151 8 0.146400 4060 3918 1926 0
874 927300 14 0.088100 5972 1979 1531 1
599 641702 11 0.030500 5862 3354 1203 1
855 845414 12 0.094300 5188 2472 1879 1
986 1329730 12 0.125800 5583 1406 1301 1
916 789531 16 0.035300 5462 3248 1529 0
765 681682 10 0.047300 5297 3343 1234 1
613 613398 13 0.083400 5081 1880 1624 0
724 560971 16 0.101600 5319 2881 1898 1
540 408026 14 0.151100 5767 1210 817 1
615 694092 12 0.152400 4173 3708 1234 0
752 737370 12 0.083000 5046 2083 907 0
728 622496 17 0.137000 5581 1309 1833 1
993 613113 11 0.024100 4030 2287 1119 0
804 847789 10 0.071500 5098 1801 963 0
968 628283 12 0.074900 4134 837 1815 1
653 618071 12 0.179100 5891 1310 1171 1
930 954358 14 0.103300 5651 3628 1700 0
656 539536 12 0.036600 5688 3856 1033 1
671 567411 15 0.111400 5976 2842 1305 1
899 1099049 17 0.103400 4821 2180 1567 0
612 689350 9 0.035100 5000 812 1359 0
956 801263 12 0.130100 4492 1191 962 0
546 578080 8 0.170100 4574 3933 986 0
645 865694 13 0.046500 4370 3673 1481 1
862 747472 16 0.065300 5344 3088 1772 0
638 757509 13 0.018500 4826 822 1990 0
555 634483 15 0.096300 4186 3799 1804 1
851 754096 16 0.152400 5501 3680 1969 1
