730 543891 12 0.132700 4258 2850 871 1
958 1230200 14 0.105000 5565 2758 1042 1
985 1265698 9 0.096900 4704 3529 1590 0
739 814006 12 0.096100 5713 3245 1570 1
865 923299 18 0.131900 4441 1713 1414 0
585 807930 13 0.029600 5791 2928 948 0
664 505409 12 0.175600 4515 3983 1359 0
682 545174 14 0.159300 5035 1009 1362 0
531 632766 10 0.128500 4974 1959 1275 1
929 872241 12 0.083000 5165 2155 1008 1
547 463736 13 0.177300 5371 1494 1050 0
520 526457 13 0.120300 4994 1680 1668 1
732 694759 17 0.119600 4657 1800 1822 0
974 697970 16 0.067100 5984 1529 1898 0
682 405493 14 0.042800 5399 1412 972 1
731 859304 15 0.104000 4568 3212 1722 1
632 676680 8 0.115600 5065 2802 1661 1
847 734143 10 0.092100 4172 1515 1126 1
904 1015191 12 0.003500 4888 2078 1333 1
883 985064 9 0.139600 4164 1749 1533 1
620 353404 16 0.062800 5989 2882 1509 0
763 551169 8 0.093800 5424 2044 1992 0
911 884944 13 0.085100 5540 2123 1879 1
849 644839 10 0.051500 5189 3171 1762 1
711 687519 11 0.096700 4235 3956 1699 1
516 500085 15 0.069100 4070 3348 1850 0
735 873772 15 0.040700 5213 1333 1185 0
824 903767 12 0.027900 5077 3437 1519 0
981 760681 14 0.115100 5939 1722 972 1
677 683723 9 0.160900 4206 1889 1188 0
647 689056 13 0.151500 4912 900 1283 0
791 1053891 15 0.118600 5728 3938 1523 1
563 619729 15 0.123400 5969 1154 1085 1
946 1063415 13 0.091800 5500 3000 1041 1
608 538201 13 0.121000 4689 3019 1541 1
614 706590 11 0.063900 4293 3482 1464 0
747 620743 14 0.094300 5968 2715 906 0
982 1042327 10 0.058500 5795 1524 1758 0
992 723450 11 0.108800 5253 2644 975 1
858 1195923 12 0.106100 4137 2138 1779 0
796 773590 8 0.090200 5797 3139 925 1
756 1067344 13 0.107000 5890 2902 1537 1
737 647756 12 0.146700 5697 1548 1195 1
915 1033486 11 0.132800 4166 2363 1201 1
859 901368 13 0.151900 5905 1844 1335 0
693 453126 11 0.069800 4082 1745 1806 1
561 603020 13 0.029100 5139 2302 1974 0
578 485322 16 0.109900 4690 1580 1771 1
695 889083 12 0.083500 4993 1770 1803 0
687 840335 13 0.100000 5665 2063 1844 0
540 656124 15 0.072800 4200 2250 972 1
719 860754 15 0.136600 4340 2983 1627 1
712 643217 13 0.114000 5075 978 1294 0
939 767224 12 0.045400 4324 3625 1427 0
905 936995 15 0.057300 5081 2411 1081 0
910 709763 14 0.158800 5992 2230 1535 0
892 953576 13 0.038200 5735 2798 1998 1
698 812981 13 0.080800 5809 1434 1669 0
836 737628 16 0.140600 4613 3347 967 1
810 805762 12 0.151100 4007 2647 1139 0
510 555482 11 0.090500 5792 1108 929 1
892 803818 12 0.080700 5900 1408 978 0
905 826722 17 0.142400 5696 2781 1236 1
607 625229 14 0.094300 5973 3325 977 1
987 1033077 10 0.124400 5648 962 1942 0
776 968116 12 0.118900 4219 1615 1925 1
622 585704 14 0.062700 5449 2310 1527 0
798 780335 13 0.101600 4647 1043 1215 0
609 596626 12 0.085200 4768 3590 1739 0
546 401558 11 0.080800 4270 3289 1952 1
890 646169 12 0.104800 4250 1663 1009 1
719 565786 14 0.096600 5728 3092 1067 1
997 739474 11 0.170700 5492 2627 1007 0
946 917505 12 0.147800 4819 3017 1485 0
645 544701 11 0.074900 5580 2967 1153 0
654 645666 13 0.092800 4373 3014 1737 1
663 622693 15 0.142100 4747 1204 1047 0
837 626274 13 0.103000 4549 1984 1844 0
552 472903 18 0.070700 4753 1049 1695 0
719 836481 17 0.100500 4480 3497 1069 0
813 654433 14 0.095600 4478 1964 1192 1
777 704964 15 0.175200 5543 2324 1141 1
782 892627 13 0.105100 4699 3003 1883 1
629 396843 12 0.158000 5365 1679 1621 1
823 854107 16 0.148700 4241 1280 1527 0
962 1069225 13 0.091700 4795 1509 945 0
528 481650 12 0.098700 4406 1942 1573 1
983 879541 16 0.173100 5989 2647 1653 0
532 522014 10 0.102300 5175 3823 1613 1
599 428934 10 0.065400 5183 2520 1980 1
746 677591 9 0.111000 5218 2255 1644 1
956 812269 15 0.057900 4110 3116 1272 0
955 705607 13 0.087500 5647 3684 1031 0
626 757320 10 0.042900 4013 1594 980 0
669 736415 16 0.047900 4673 2010 1260 0
527 585329 14 0.060300 5948 1556 1729 0
563 725136 17 0.076100 4313 1491 1510 0
964 1391478 18 0.076500 5780 939 1207 1
500 266230 10 0.038100 4708 3017 1258 1
546 528533 17 0.130600 4823 2205 1306 1
