807 989557 8 0.090500 4445 2824 1107 1
726 576293 15 0.147500 4581 1304 824 1
898 916659 12 0.069800 4539 2043 1366 1
611 818539 10 0.034800 5382 903 1555 0
865 798363 13 0.084400 4665 3805 1713 1
741 795299 12 0.069300 5132 2233 1359 0
868 1029949 12 0.110600 5613 3741 1012 0
517 629715 10 0.126300 4952 1322 1630 0
963 899067 13 0.054100 4687 2963 1741 0
584 546561 16 0.039200 4865 1279 876 0
629 477053 11 0.087800 4578 1726 1572 1
795 810402 18 0.180500 5661 3481 1149 1
817 922183 9 0.185000 5991 2774 1750 1
601 611462 10 0.092100 5529 3473 1023 1
607 536535 11 0.106200 4570 3889 1680 1
851 1000220 13 0.106700 4116 2790 1697 1
982 1003455 10 0.073900 5597 3679 1952 1
854 558027 11 0.101400 5935 2629 857 0
731 647201 13 0.069500 4570 1638 1225 0
679 837209 14 0.080900 4661 830 1049 0
882 563360 12 0.147900 5767 3326 1622 1
946 848963 13 0.091000 4959 3959 1817 0
773 455072 14 0.072700 5780 2545 1362 1
819 699787 15 0.011700 4339 2776 1596 0
908 986737 18 0.106000 4905 2106 1032 0
848 973617 17 0.074700 5505 1992 1496 1
848 532428 12 0.155100 4361 3297 1016 1
617 428152 13 0.101000 5601 1973 1010 1
978 793572 13 0.111400 4669 3021 979 0
868 676677 15 0.025000 4150 1658 1307 1
530 757500 12 0.074400 4285 1976 1861 0
562 492382 13 0.131000 5791 2151 1026 0
928 982605 12 0.096900 4358 3693 1786 1
527 499769 15 0.102000 4838 1768 1595 0
861 636618 16 0.123500 4630 3451 1359 0
716 770732 17 0.043700 4670 3710 1997 0
710 836572 14 0.026100 5342 3085 1066 0
815 939578 15 0.092700 5572 1430 1245 1
727 705875 10 0.184400 5790 1969 1356 1
580 539293 12 0.122300 5311 3812 1030 1
892 812441 14 0.116200 4836 3957 1504 0
748 705884 9 0.136800 4040 1366 1122 1
945 676412 13 0.093400 5566 1701 1878 1
876 653154 10 0.139900 5531 1273 1824 0
939 1105829 14 0.048000 4453 2994 1425 0
564 700354 12 0.106200 5269 2468 1241 0
932 1178255 14 0.083400 5017 1671 1832 1
884 915387 13 0.102500 4970 1148 1701 1
837 749702 16 0.051200 5562 2405 966 0
870 1141775 11 0.085100 4826 3274 1961 0
582 740068 17 0.056500 4261 3282 1523 1
814 598433 14 0.143200 4253 2397 1478 1
808 775099 13 0.075700 5633 3413 972 1
675 922668 13 0.138800 4368 1579 1161 0
573 348760 12 0.138900 5933 2552 1910 1
842 936052 13 0.158200 5915 2515 1784 1
686 924590 13 0.070700 4620 1843 1827 0
846 596557 10 0.114800 4624 2817 956 1
554 358784 14 0.115800 4670 2139 1694 0
703 870021 13 0.094700 4508 1260 962 1
631 527959 9 0.132200 5715 3475 1942 0
504 396283 14 0.100200 5328 3482 1025 0
896 1072497 11 0.123200 4951 2088 1804 1
927 1254072 13 0.094700 5321 1368 1104 1
909 1110423 17 0.162900 4240 2217 1815 0
838 989876 15 0.030300 5240 3307 1390 0
772 488431 10 0.140000 4219 2008 914 0
632 681086 10 0.098000 5031 1582 1891 1
983 848467 15 0.091200 4183 1449 1294 1
980 1162497 15 0.170800 4955 2480 1253 1
604 504953 18 0.129300 5878 1337 1171 0
506 613610 11 0.074100 4067 1294 1201 0
990 1370461 14 0.017600 5830 1734 1840 1
543 393311 14 0.083200 4279 3777 1270 1
504 540349 18 0.092200 5325 3290 1786 0
670 737924 13 0.025300 4881 3808 1429 1
963 1382032 12 0.110400 5228 1203 1681 0
829 792615 17 0.073400 4386 3824 1023 0
912 952914 13 0.081700 5401 848 1617 1
949 580935 11 0.083000 5054 1625 1543 1
942 905465 11 0.132900 5081 3358 1909 0
995 948584 11 0.084800 4999 3720 1691 0
817 1037446 18 0.025900 5603 3750 1641 1
787 1057933 13 0.117300 5704 803 1244 0
611 628792 9 0.109400 5287 3131 1566 1
906 970073 14 0.108300 5163 3537 1483 0
927 891200 11 0.066600 4792 2150 1473 1
865 774537 13 0.103700 5205 2253 1629 1
583 771927 10 0.071500 5455 1643 1862 0
675 775188 17 0.123300 5002 1195 1045 1
686 867027 16 0.098900 4933 1755 1640 0
761 680001 14 0.104700 4493 971 1443 0
792 811974 11 0.039100 4670 1633 1232 0
576 728679 18 0.099300 5136 3908 826 0
902 740343 12 0.051000 5861 3025 1345 0
863 715839 8 0.167600 5134 2761 1333 1
740 567925 10 0.030400 4900 2644 1547 1
821 785906 11 0.088400 4002 1172 985 0
570 727822 13 0.135100 4237 3801 1521 0
652 864836 8 0.088300 5621 1383 1359 1
