996 973824 9 0.022700 5569 3161 1142 0
545 607535 10 0.161500 5131 3347 1007 0
531 441943 12 0.150400 5299 3744 1255 0
713 698908 13 0.138100 4089 1908 913 0
513 448887 13 0.060500 5196 3627 1455 1
825 841894 18 0.034400 5133 2377 811 1
593 649068 14 0.053500 5384 3844 1144 0
880 1136189 8 0.111000 4143 3159 1475 1
738 492560 13 0.050600 5752 3025 1739 1
885 647316 14 0.172900 5665 1350 1159 0
776 928865 10 0.037900 4514 2808 1672 1
878 658127 14 0.179100 4221 959 1377 1
837 580016 12 0.103800 4384 3264 817 1
942 950572 14 0.065900 5325 2394 1553 0
542 491486 11 0.087000 4969 3010 1677 0
606 590992 10 0.101000 5139 1045 1631 0
646 495769 12 0.145600 5613 2864 935 1
876 661722 15 0.139700 5238 3118 1317 0
597 705583 14 0.079900 4238 1992 882 0
539 537802 17 0.063600 4744 1072 1676 0
516 384479 15 0.055000 4255 1411 1206 1
681 543244 13 0.057700 4011 2718 1923 1
568 636448 11 0.089100 5504 2040 866 0
804 905959 14 0.037000 5706 890 1631 1
904 1249019 13 0.134800 4111 3467 1465 1
996 1073955 13 0.052400 5061 1677 1849 1
635 618100 11 0.053000 4534 965 1607 0
689 745136 15 0.110100 5422 2871 890 0
978 1327286 14 0.092400 5947 1598 989 1
955 817464 11 0.097200 4624 1711 1907 1
803 1098346 15 0.044200 5577 2951 1230 1
995 622779 15 0.071400 5503 3320 1813 1
810 809293 10 0.114900 4793 3827 1134 1
764 821390 12 0.136100 5079 1549 1467 0
880 872716 15 0.143900 5747 1364 1028 1
502 497196 16 0.146900 4792 1960 1709 1
761 533063 15 0.138200 4527 1408 1454 0
588 535872 14 0.111700 4211 2743 1210 1
570 548727 18 0.119900 4721 2440 1192 0
852 1140725 17 0.162100 4913 1601 825 1
542 546140 17 0.124500 5599 1103 1054 0
755 725860 13 0.092500 4334 3883 1284 0
613 755680 18 0.135500 5666 1493 1319 0
956 1117843 12 0.111500 4034 3340 1873 1
893 941371 8 0.047600 5017 2471 899 1
686 535595 10 0.099800 5573 2812 1635 0
518 485354 9 0.040200 4134 1555 1474 0
704 716442 12 0.127900 4738 2969 1064 0
743 743469 11 0.097600 4664 1816 1199 1
969 781195 15 0.042800 5678 1134 817 0
975 1148305 13 0.086100 5578 3726 1958 1
992 1110419 14 0.088300 4854 2217 818 0
715 766596 12 0.129100 5578 810 989 0
949 690103 15 0.147500 4947 2887 1891 0
911 1313396 18 0.088500 5217 1331 1284 1
520 736722 9 0.059400 4209 2859 1866 0
709 559176 12 0.084600 4232 1416 1493 0
895 662581 14 0.062500 4258 2557 873 1
640 589826 8 0.048700 4072 2843 1548 0
997 1094472 11 0.164400 5896 847 1078 1
560 627088 11 0.085300 4191 3457 871 0
862 945195 11 0.127100 4616 875 1721 0
903 698275 9 0.087500 4038 1850 848 1
513 626329 14 0.081400 4657 2157 1223 1
588 415784 18 0.058900 4891 3629 1055 0
698 419688 14 0.175200 5348 2009 1462 0
776 574182 13 0.108300 5996 2567 1780 0
978 793683 15 0.136000 4318 1369 1696 0
748 791214 16 0.086400 5368 1876 1541 0
582 681471 12 0.091000 4326 824 1476 1
851 632644 14 0.138900 4220 3830 1820 1
677 605662 17 0.144600 5204 3619 1658 1
593 683361 13 0.144000 4540 1964 1216 1
736 926884 13 0.046700 4539 3561 1675 1
749 1042444 15 0.110700 4610 2780 1678 1
540 466055 14 0.147300 4319 1272 817 1
764 575405 9 0.108300 5192 1493 1452 0
743 718104 10 0.188000 4047 3949 1247 1
966 555953 16 0.041900 4718 1048 1793 1
530 587280 10 0.071000 5492 1596 1602 0
966 1069628 9 0.152200 5613 3749 1921 0
862 981941 12 0.073200 4533 1603 1067 0
614 553863 12 0.126800 4449 854 878 0
929 943254 17 0.157200 4799 2791 1939 1
927 694531 16 0.043000 4229 3016 1617 1
561 777524 13 0.096100 4756 873 1116 1
651 580181 11 0.036300 5923 1727 1767 1
684 658331 10 0.039300 4615 1369 1742 0
741 959838 13 0.056300 5106 1704 1489 0
549 527570 17 0.103100 5129 822 1313 0
647 603332 16 0.093700 4599 3900 1699 1
957 585578 14 0.102600 4941 2199 1687 1
624 624742 16 0.031000 4808 3842 1274 1
539 567071 10 0.083400 5687 2600 1050 0
732 629797 8 0.081700 5648 2419 1044 0
823 920853 13 0.087400 5612 1786 935 0
810 658457 10 0.082500 5556 1213 1319 1
569 714421 11 0.106500 4840 3135 1193 1
910 1009774 17 0.037500 4720 3097 1133 1
706 999260 13 0.124300 5454 3006 1815 0
