795 959018 13 0.149700 5387 1447 1119 0
829 690221 14 0.078400 4771 1435 1813 1
669 448960 16 0.112000 5422 1565 1592 1
600 765183 15 0.049800 4739 2021 1994 0
915 808580 14 0.121300 5216 3031 984 0
744 854632 14 0.016600 5497 1977 1871 1
674 635431 11 0.071600 4786 2715 901 0
946 797158 10 0.057000 4896 1728 1790 1
752 839558 10 0.025500 4734 1534 1384 1
745 610345 16 0.099700 5797 3979 1015 1
967 959080 18 0.091500 5892 1425 1372 1
987 900950 11 0.013200 5146 1603 1270 1
978 881318 12 0.014500 4941 2629 1864 0
818 1046381 9 0.139000 4986 2763 1683 1
840 933493 12 0.116000 5339 3922 1913 0
584 724448 8 0.125900 5181 1282 1497 1
534 727103 14 0.111000 4460 2399 940 1
641 555042 11 0.128400 5324 2599 1398 0
565 585550 13 0.091300 5387 3531 1693 1
798 846127 11 0.139300 5119 2810 851 0
770 1035661 17 0.030500 4087 2840 1535 1
655 758876 12 0.067600 4629 2340 1223 0
706 698737 12 0.050600 4988 2646 1600 1
855 1071686 13 0.023000 5641 1532 1042 0
786 614895 12 0.046300 4181 1872 1465 0
786 657735 15 0.126800 4997 2597 1450 0
990 1389734 10 0.089500 4563 3463 1528 0
746 784348 12 0.153400 4362 1310 1928 0
784 948260 13 0.133300 4267 3433 1984 0
940 827680 9 0.071300 5302 2706 880 1
525 439145 14 0.084800 4007 893 1955 1
980 945626 14 0.194800 4824 1561 1332 1
586 620230 13 0.079600 5475 3247 1475 0
521 475508 10 0.081900 4270 1302 1328 0
503 591504 12 0.089600 4955 1751 1598 0
905 634949 13 0.085500 5363 3331 1887 1
809 437436 9 0.106800 4638 2885 1735 0
664 752774 12 0.068800 5544 2493 1170 0
609 469621 10 0.056600 4314 3014 1859 1
611 695717 14 0.159600 5330 2036 1581 1
972 1121852 10 0.137000 5382 3444 1108 1
940 868953 13 0.149600 4454 3738 1260 1
670 818059 11 0.129800 4078 1033 1540 0
917 907725 12 0.029200 4690 3745 1905 0
896 886086 16 0.035300 5679 3697 1018 0
967 823285 12 0.113200 4974 859 1433 1
880 1022565 11 0.079700 4615 3398 1189 0
829 848262 8 0.144900 5888 3439 1476 1
627 791009 15 0.142100 4155 1227 1462 0
934 967611 13 0.067200 4247 3062 1112 0
767 874230 13 0.177700 5545 2248 1577 1
874 998449 9 0.136000 5832 3103 1044 0
641 428748 16 0.066500 4346 1547 1927 0
616 531957 14 0.076800 4271 3265 1331 0
988 830780 13 0.049100 5468 3845 1725 1
776 782349 11 0.010700 4794 2742 1938 0
769 810923 10 0.129300 4110 3674 1018 0
978 1024568 10 0.038900 4547 3874 1527 1
828 994399 18 0.109400 4337 1405 1182 1
627 499688 15 0.064100 4541 1872 1889 0
551 783571 16 0.070000 5603 1237 832 0
990 956178 17 0.042400 4831 2201 1116 0
603 335572 13 0.057000 4796 3206 1460 1
927 1168687 11 0.137400 4684 2289 803 1
838 535826 12 0.038200 5456 1162 1442 0
710 821540 10 0.110100 5322 2730 1595 1
665 608703 9 0.082000 4820 1198 1804 1
719 696527 9 0.123200 5001 1060 1465 1
734 719051 17 0.145200 4787 3173 1530 0
890 1105563 11 0.119000 4820 872 1014 0
615 526310 12 0.081300 5615 2072 1488 1
580 414482 12 0.155200 4825 3619 1996 1
952 989384 16 0.034700 5287 2487 1090 1
796 964747 16 0.098100 5674 1312 1864 0
586 663172 10 0.076100 5023 2204 1712 0
619 373341 12 0.055400 4058 2991 1177 1
993 537751 14 0.146400 4535 3994 1985 0
616 605153 10 0.095700 5017 3614 1802 1
651 528745 12 0.183700 4731 2438 1156 1
827 767637 9 0.061500 5533 3656 819 0
560 591172 9 0.139600 4520 2750 1407 1
952 928047 17 0.110600 4506 1550 1985 1
949 937278 13 0.062500 4599 2215 1411 0
866 844103 17 0.147800 4836 3515 1385 1
614 429461 12 0.077200 4976 3668 1385 0
532 567620 13 0.064200 5167 1379 1258 1
850 728391 11 0.129100 4586 3720 1905 1
751 774749 12 0.114800 5356 3025 1017 1
884 901653 9 0.115000 4249 988 1352 0
893 1018805 13 0.094800 5008 2464 963 1
811 587465 15 0.105900 4225 1543 1162 1
514 462367 18 0.073100 5849 1849 1022 1
950 1027690 14 0.103500 4487 3570 1271 1
682 676620 13 0.126000 5438 2702 1236 0
941 911865 12 0.126900 5321 3035 1672 0
883 1029121 11 0.073600 4471 1311 1478 1
889 891725 10 0.146900 5968 1583 1992 0
699 642569 12 0.079300 4944 891 1234 0
601 662365 13 0.129800 5649 3699 1349 0
846 1012222 14 0.079100 4150 3427 1456 0
